5.380111641333213957e-01 1.415684968591071708e+02 1.005328300949599879e-01
1.289834779154115818e+00 1.498393778381127106e+02 1.006023450658965340e-01
5.125620889092714627e-01 1.788673914710514055e+02 1.003267035834216891e-01
5.726599382602786115e-01 2.223152117134853256e+02 1.001189814108752602e-01
1.468846907221979414e+00 2.584757574153924224e+02 1.004910435118662043e-01
6.990328037151157803e-01 2.884867266080705122e+02 9.949405528333150894e-02
7.594566914708458238e-01 3.189823803354933602e+02 1.003801862995642585e-01
7.937627729435372537e-01 3.552410468816032676e+02 9.924428785639163864e-02
1.261869371587951427e+00 3.906472460707502705e+02 9.902117109082722579e-02
5.849423250711837108e-01 4.222966949645626755e+02 9.932839531849266268e-02
6.788336237780442373e-01 4.579404605673064452e+02 9.908984720076909058e-02
7.946350048252460718e-01 4.921521899271394886e+02 9.950769727909758444e-02
6.797285188270746348e-01 5.242638514830953227e+02 1.007913344719260640e-01
9.716175509063615934e-01 5.614413896632937622e+02 1.008417752775620513e-01
1.006969403023258325e+00 5.902826079407801672e+02 1.003168146794255755e-01
7.641213459316160694e-01 6.194910788824824976e+02 1.007633766336536313e-01
1.204772994798715802e+00 6.534661388948201193e+02 1.012505470834164228e-01
1.050504356970112685e+00 6.821709399151638991e+02 1.004735749806111300e-01
1.221457493488519619e+00 7.135331065741926295e+02 9.997200678859750889e-02
1.577948581197116784e+00 7.447089395083430645e+02 1.011571545037793091e-01
1.326210661434037874e+00 7.803557628196201676e+02 1.003576367493557164e-01
8.423842642850291051e-01 8.061214255775447555e+02 1.016359876213364377e-01
1.172171041572015460e+00 8.348754526385957888e+02 1.004156086677088361e-01
1.691570328187734784e+00 8.658973601353341110e+02 1.020087462780524951e-01
1.133950931948464635e+00 8.894151582154727294e+02 1.015260386508062135e-01
1.087363794691011076e+00 9.201538170553430973e+02 1.016934788996901456e-01
1.000603315162821971e+00 9.522451719472421701e+02 1.019679252045719020e-01
8.947704291445679470e-01 9.843768079546624676e+02 1.005273132879742209e-01
1.210609092516421015e+00 1.005076663912471872e+03 1.010827146666624793e-01
9.521569202223629791e-01 1.038423743859309752e+03 1.012080131358240320e-01
1.009966566667104493e+00 1.060140619991615267e+03 1.023204114796899128e-01
1.767426374324360117e+00 1.092059359647735846e+03 1.015728906643403734e-01
1.624741700870606209e+00 1.114103618619007875e+03 1.017785909684806728e-01
1.246567661423712448e+00 1.137748810990517541e+03 1.022111027863295135e-01
1.281945016787880309e+00 1.164642417386707166e+03 1.017212432904179703e-01
1.454794825304827288e+00 1.194181437398748130e+03 1.034573044515828683e-01
1.647282366667285114e+00 1.221175004651056724e+03 1.024008865445057426e-01
1.559849058725341520e+00 1.239686984470222342e+03 1.036619501803703741e-01
1.170255891254725178e+00 1.269836112669060640e+03 1.030581210600570036e-01
1.969929406845299713e+00 1.294800121642861768e+03 1.034529947062024086e-01
1.472551256568915834e+00 1.312485033306263858e+03 1.029061724479321954e-01
1.462682872593635386e+00 1.340952812599742401e+03 1.026221349088902168e-01
1.433495066628331482e+00 1.362767251941233553e+03 1.026857310822177349e-01
1.742254760972996364e+00 1.386272716848285199e+03 1.040277946659489833e-01
2.124495294570376558e+00 1.404368210758534815e+03 1.031161373872950676e-01
1.692032395396135147e+00 1.434139724586494367e+03 1.040565876446131605e-01
1.619463841003752957e+00 1.449674023825165705e+03 1.046901958609377375e-01
1.722042038945584830e+00 1.477292406121835938e+03 1.035189078404482599e-01
2.397735030416964896e+00 1.492056516470158158e+03 1.055471974657084949e-01
2.387490873308486972e+00 1.514667986165035472e+03 1.052915086440122799e-01
2.437496371261793637e+00 1.532709662144461618e+03 1.057671010985072740e-01
2.551264597576421433e+00 1.553073461548676050e+03 1.046528444060389196e-01
2.035260740153062020e+00 1.570947675605013274e+03 1.056869773789640837e-01
2.382087062407962197e+00 1.591780366811022304e+03 1.047219080225905707e-01
2.101253882541494811e+00 1.609900644273255693e+03 1.065958815283126471e-01
2.790562564873262374e+00 1.628434626663796962e+03 1.054571181969809618e-01
2.229753962881378726e+00 1.641723934185743929e+03 1.064677056527197491e-01
2.156039319116441533e+00 1.659186306830542435e+03 1.070664396798776397e-01
2.170101972907644949e+00 1.678931284149181238e+03 1.057985315547200211e-01
2.355782292173637327e+00 1.688023652232698851e+03 1.071665111196366815e-01
2.593309920387449896e+00 1.704739864085653835e+03 1.068470153276844942e-01
2.822493176889964595e+00 1.719378424823519708e+03 1.078578672825556695e-01
2.321719147648523496e+00 1.727588964942705843e+03 1.074581924801572969e-01
3.082069531423434317e+00 1.747693136874430138e+03 1.079666336028352602e-01
2.956966153278135945e+00 1.761367760563510046e+03 1.086244658959135134e-01
3.059406812386223251e+00 1.768222405565024701e+03 1.087437509477624104e-01
3.191175199373535332e+00 1.778577562482775875e+03 1.084830166713425803e-01
2.884061808432186513e+00 1.788468034800656142e+03 1.094986546307956526e-01
2.942040693546696950e+00 1.804156790195802841e+03 1.096725904376370520e-01
2.728634788239543418e+00 1.807419067758649135e+03 1.101696133536122224e-01
2.837641104043498341e+00 1.823374978051584776e+03 1.096164642995060973e-01
3.169282948147126966e+00 1.826701795198445097e+03 1.112072707580838704e-01
2.844772800033665838e+00 1.831886522080292025e+03 1.107985077319367656e-01
3.505542298332192441e+00 1.841215342371644283e+03 1.115635497563263745e-01
3.687124038511480961e+00 1.844610786660199892e+03 1.115906687561796506e-01
3.239696234462634994e+00 1.849553010922323210e+03 1.120315732370912865e-01
3.696914862023098713e+00 1.859895057317416104e+03 1.121641034787745073e-01
3.865911133241795916e+00 1.865007088758738973e+03 1.121032379094340919e-01
3.529405774623864733e+00 1.863323620559733854e+03 1.131706460435964873e-01
3.742057862762752318e+00 1.870566900229008297e+03 1.136458028338371146e-01
4.089123413279558861e+00 1.871048977032199673e+03 1.138241728558292004e-01
3.715308649034535726e+00 1.865334527139901411e+03 1.139875943968600980e-01
4.163963256820940373e+00 1.868367880626874239e+03 1.144409918338368803e-01
4.058622496337460639e+00 1.866818056809562677e+03 1.137984122124572894e-01
3.670169405304499310e+00 1.864335964853189580e+03 1.142316267121882556e-01
4.712534330782039760e+00 1.864390722744378081e+03 1.148645209561549863e-01
3.983005883228617705e+00 1.863909757425866701e+03 1.152884736690440171e-01
4.465526844509176918e+00 1.861257427679924831e+03 1.159414242540790785e-01
4.136613199490281723e+00 1.851400775008209166e+03 1.169987039538749884e-01
4.816957590390032351e+00 1.844413644871106499e+03 1.170297062044988179e-01
5.113545421340310426e+00 1.837382310063848763e+03 1.181727828196763308e-01
4.956244577760234193e+00 1.827723812197770712e+03 1.175160947623944546e-01
4.779821268958047931e+00 1.816473686238941355e+03 1.190527043422727888e-01
5.400749033687087142e+00 1.816190241824620671e+03 1.184770274102755483e-01
4.739977352573926161e+00 1.800914968828696146e+03 1.193579483790532525e-01
4.698326748092080507e+00 1.789944991359713413e+03 1.205225637215990298e-01
5.442653520600141626e+00 1.772642661813825953e+03 1.201193730934270315e-01
5.659256920106153999e+00 1.762029971101167121e+03 1.217003249900030087e-01
5.687238764995232287e+00 1.752137920433620820e+03 1.208159868206268028e-01
5.580809116357635880e+00 1.730435952689193073e+03 1.215768333125933770e-01
5.505476492752691797e+00 1.711505612976829525e+03 1.219770533429923448e-01
5.474764258964343711e+00 1.698601561794734380e+03 1.239060205748625243e-01
6.255143398683900458e+00 1.678552472714821079e+03 1.237633318711521130e-01
6.378649400751215559e+00 1.654670638467152003e+03 1.251757965881687418e-01
6.573971486952589593e+00 1.636414395631278921e+03 1.259448339559721131e-01
6.168928260382578799e+00 1.611168788653909814e+03 1.262392280386810395e-01
6.338812116261073548e+00 1.592930864812225764e+03 1.262943200263599020e-01
6.157252610348380450e+00 1.566582298032974222e+03 1.276117999625757116e-01
6.448268465981877640e+00 1.546192616908212585e+03 1.282763511620457486e-01
6.663855925582526041e+00 1.520277597433665960e+03 1.274231907662838059e-01
6.672221059935519172e+00 1.492865609500768642e+03 1.293979467351766555e-01
6.947169535683385355e+00 1.457520564859996966e+03 1.296163622268352855e-01
6.937643441983017745e+00 1.435270606109255596e+03 1.301946569214230687e-01
7.494332169946329891e+00 1.396552849695385021e+03 1.302537084539547863e-01
7.584445203151859438e+00 1.371736179894053976e+03 1.326706202861276107e-01
7.612318569988227424e+00 1.339434343393927065e+03 1.323200332831697967e-01
7.834073553807679779e+00 1.303331129463466141e+03 1.336106506904548574e-01
7.708298642152000113e+00 1.263520467514428901e+03 1.333956029019813527e-01
8.210840460394525309e+00 1.228728404490030016e+03 1.347212157064746896e-01
8.715896649541489793e+00 1.192565149464635624e+03 1.358393396244849949e-01
8.428162928271776266e+00 1.155974440927843261e+03 1.370350652348474307e-01
8.109123130182551265e+00 1.121827095869456343e+03 1.375871323262706780e-01
8.499662350361161245e+00 1.083977150011413187e+03 1.378409004864479259e-01
8.486962961212512369e+00 1.047369267204411926e+03 1.390043237227863993e-01
8.591748332660616327e+00 1.008038164523899809e+03 1.400228561156978413e-01
8.929781431668002867e+00 9.682915827620564642e+02 1.400480710031145881e-01
9.077996401269226467e+00 9.257544382435337411e+02 1.416074184163119420e-01
9.649532733681235541e+00 8.867333253439877581e+02 1.421274689036520489e-01
1.014113952260808027e+01 8.455795829861426682e+02 1.436621683646059078e-01
9.990833315897113209e+00 8.015310009735768517e+02 1.445047066779815426e-01
9.759338328913427674e+00 7.628243454217140425e+02 1.451558460717568555e-01
1.015077403317493321e+01 7.211773129883091542e+02 1.473733198300091196e-01
1.029260283719134783e+01 6.802129915760107224e+02 1.480996670615432886e-01
1.027534030658278219e+01 6.386204911355864624e+02 1.480997661899634277e-01
1.072211960628103000e+01 5.951715413493645883e+02 1.488716035968116747e-01
1.102346316608201704e+01 5.541543510171245543e+02 1.500173336600074403e-01
1.060239358721216973e+01 5.172535595839603957e+02 1.507931603885772631e-01
1.087739457861524350e+01 4.881346439156029078e+02 1.529767877151436140e-01
1.134349560353056319e+01 4.536632124149816150e+02 1.529946530756318979e-01
1.098874708766068942e+01 4.142485064822768663e+02 1.553444232983332840e-01
1.124679814866442840e+01 3.814547061556820609e+02 1.559638625471057582e-01
1.203846433128815541e+01 3.534546054734988729e+02 1.570373574900151836e-01
1.175550922708240975e+01 3.271664148266747816e+02 1.586963289356803364e-01
1.198560245493158405e+01 3.009447925540339952e+02 1.595632887496763741e-01
1.162193934977718968e+01 2.788302147508416624e+02 1.595179312893055812e-01
1.189594440316620094e+01 2.555891749633175607e+02 1.607221373573926859e-01
1.229861555102455561e+01 2.448722744682302448e+02 1.630065511024644254e-01
1.280522579196783362e+01 2.239878079551181713e+02 1.631506559984144400e-01
1.240859499215883943e+01 2.058589893210028094e+02 1.653646890293417882e-01
1.287512830950524112e+01 1.958946175459959420e+02 1.656886625935318491e-01
1.289820685960536650e+01 1.865168468121582634e+02 1.676445012666456236e-01
1.318398670389367133e+01 1.790675640257395855e+02 1.688277074790474619e-01
1.293794968963289449e+01 1.628635952037282095e+02 1.684082883548772835e-01
1.341001184122570145e+01 1.631858403852131971e+02 1.696163735586061760e-01
1.283808114649177767e+01 1.503813298588010525e+02 1.711686789032824951e-01
1.342344247878220820e+01 1.479667908735366950e+02 1.726452372097541099e-01
1.281812310316163561e+01 1.487142537433777534e+02 1.724946297875661894e-01
1.297831548398475299e+01 1.435760090598637930e+02 1.734823674841864949e-01
1.379849520986093658e+01 1.333416084777917661e+02 1.751986783204254883e-01
1.315026818519475604e+01 1.310786336465135946e+02 1.757635447368009751e-01
1.338984437733426702e+01 1.328052779093773950e+02 1.771382731754806428e-01
1.335149541224321545e+01 1.278731017941572929e+02 1.784935069821988463e-01
1.367789981973297486e+01 1.261148932050517715e+02 1.793473427256629116e-01
1.372542546548752185e+01 1.263991428335220206e+02 1.798901145673505730e-01
1.424523703117920448e+01 1.225462657554345185e+02 1.819083173718649415e-01
1.395280818587888660e+01 1.276639265202577747e+02 1.821721194075826000e-01
1.411239049023209624e+01 1.201565819157303139e+02 1.829490634797256987e-01
1.458779000102990686e+01 1.182175746010418180e+02 1.853572394708100368e-01
1.404786437134687915e+01 1.201508011654055537e+02 1.853531061854915840e-01
1.424292627077749529e+01 1.200217976357389773e+02 1.868623280845643220e-01
1.445512714286600620e+01 1.173990259538872891e+02 1.874152196374674895e-01
1.471800171529313239e+01 1.146797000328233906e+02 1.895028824614647389e-01
1.445506103887133520e+01 1.183712689726205554e+02 1.912470370577121215e-01
1.494408943138397383e+01 1.101556442981032404e+02 1.922551133551911873e-01
1.461068576846764699e+01 1.140054251931476585e+02 1.926345380590345213e-01
1.510630815819336092e+01 1.134421800961435451e+02 1.943387823992649699e-01
1.476404983313204511e+01 1.166375455421962641e+02 1.944110211494376461e-01
1.527226071567933019e+01 1.162082628450619808e+02 1.960911944000735818e-01
1.475493626250911561e+01 1.059268414724639911e+02 1.970011788321582302e-01
1.528572321468308814e+01 1.082335880942202806e+02 1.979858034307477588e-01
1.502495112892292362e+01 1.062090818851597334e+02 1.983991024117189306e-01
1.503239457801738332e+01 1.090205296696994282e+02 1.998040187199660589e-01
1.524643797037501614e+01 1.070261867623338503e+02 2.017521882273426992e-01
1.509687419365101491e+01 1.079516847704886828e+02 2.020735901935978851e-01
1.582906126575714723e+01 1.018793342292101869e+02 2.043556421118437605e-01
1.550632894966143027e+01 1.012712078134051268e+02 2.049439133558794701e-01
1.528666488666844003e+01 1.083367511145675621e+02 2.067135039761418824e-01
1.590963583783340951e+01 1.068182624607971576e+02 2.064362904608564864e-01
1.632969968069971500e+01 1.025040627263079216e+02 2.078576939921180644e-01
1.629896358217769503e+01 1.025948046227150172e+02 2.093471038023175801e-01
1.620758325610950124e+01 9.911485900625335432e+01 2.103941265338312994e-01
1.572442701308594870e+01 1.057774208946167249e+02 2.112996815636692949e-01
1.585108223861735866e+01 9.830571813331803810e+01 2.124195185977266476e-01
1.654275879763331858e+01 9.759191803558967138e+01 2.150187401631697415e-01
1.648208076418024604e+01 9.848140114876491680e+01 2.146370470932830177e-01
1.635097986058804764e+01 9.515120332433667727e+01 2.155891052147957399e-01
1.696700419878382604e+01 9.862302642476393544e+01 2.172905009029525158e-01
1.705993168306649821e+01 1.018508286196120025e+02 2.193351763209562266e-01
1.676183807335294773e+01 9.292703790609860448e+01 2.197188860885074813e-01
1.724623140168947089e+01 9.705248823338308739e+01 2.210477113927911408e-01
1.737609008157470214e+01 9.471689026112041176e+01 2.214485096776247774e-01
1.664085900106697480e+01 9.197428476568229883e+01 2.233747535020823849e-01
1.738004117624565836e+01 9.215507358548978800e+01 2.252997990327403610e-01
1.737844756331203655e+01 8.984854515059336677e+01 2.259766376245305186e-01
1.695666549265914114e+01 9.001200958869526403e+01 2.271179289869829920e-01
1.745835984335023738e+01 9.464421430202609997e+01 2.279548412505853772e-01
1.775184389423371201e+01 8.980402822523714690e+01 2.292202513881961834e-01
1.778428278803087181e+01 9.535212159903674944e+01 2.315595100475572321e-01
1.751889581337852064e+01 8.866470948130819352e+01 2.311045540662494679e-01
1.741233538822293525e+01 8.581685399291515637e+01 2.323213963309916363e-01
1.742198901880353645e+01 8.817396525823266984e+01 2.334027382233371806e-01
1.791756029434460373e+01 9.224049725202500838e+01 2.353184254242219609e-01
1.833032133485912141e+01 9.121373820823950496e+01 2.361985794729181964e-01
1.819920455734243703e+01 8.706262943005658883e+01 2.386589859232564337e-01
1.805127530186639362e+01 9.050425310848753213e+01 2.386831422045781192e-01
1.787980420262935155e+01 8.235177390222503391e+01 2.409695086916440465e-01
1.778154332407848770e+01 8.919320335943285727e+01 2.422975464722499916e-01
1.812157555642516726e+01 8.424341888234044973e+01 2.417977722265388651e-01
1.791076574019395906e+01 9.080029082809923580e+01 2.445379671450877146e-01
1.847982531176289100e+01 8.488777812809284740e+01 2.444112085832713388e-01
1.824517743534535796e+01 8.103289578897043555e+01 2.471895223664314911e-01
1.863391292708201519e+01 8.042009988504378271e+01 2.486455708454023417e-01
1.912092664109866647e+01 8.534307493216306284e+01 2.498707771152010870e-01
1.850959063322564546e+01 8.012090521345123761e+01 2.491502231419226165e-01
1.923066698477168046e+01 7.911785302637498773e+01 2.506135547491975535e-01
1.902632521670972210e+01 8.126537355192016321e+01 2.517947961372514754e-01
1.855132923226095087e+01 7.931717292918578721e+01 2.539887954703189399e-01
1.880472982114583758e+01 8.232824466034948330e+01 2.552769212553145928e-01
1.934235186815772778e+01 7.954421160356213250e+01 2.558046000597705705e-01
1.950172979327123812e+01 8.202894175968964419e+01 2.581267094275504492e-01
1.961073965497810434e+01 7.865097011041100927e+01 2.577560734452242208e-01
1.937511260518059331e+01 7.595945297126057483e+01 2.606720735208000184e-01
1.952183911022400054e+01 7.749555203607251030e+01 2.620465267268621279e-01
1.988960959784611759e+01 7.661999091289000319e+01 2.629217695657642406e-01
1.948119242422874819e+01 7.844981520617523074e+01 2.634813958532529199e-01
1.995747969061502758e+01 7.480267525147623076e+01 2.645844762465964783e-01
1.970476624917666442e+01 7.705123217279306402e+01 2.656064156435743451e-01
1.942116570242252749e+01 8.058039236627176649e+01 2.666709450100652745e-01
1.951905688495222790e+01 7.474746723789554892e+01 2.693682605317318512e-01
2.013995815011176305e+01 7.691371088332093109e+01 2.691878499551398907e-01
1.967614505243955847e+01 7.940793883548816723e+01 2.708004800739468587e-01
1.975533767367087634e+01 7.705133231881669076e+01 2.722788084302271705e-01
2.059377998306710111e+01 7.401868852980959446e+01 2.732422507132582501e-01
2.007351377622103072e+01 7.706087240396149696e+01 2.753360508136642459e-01
2.005329485063172257e+01 7.703292975254854014e+01 2.757981839888710707e-01
2.058445899238128263e+01 7.691909826581876075e+01 2.776170782567429773e-01
2.060130515185363365e+01 7.475411590008734208e+01 2.790409750840432968e-01
2.047980528091423480e+01 7.067456451922460303e+01 2.793726861860886812e-01
2.052688988947069504e+01 7.795784733048795090e+01 2.810238524496818657e-01
2.093519947128454106e+01 7.488976765205737252e+01 2.816298197953944760e-01
2.066555451560140355e+01 7.130117648192688762e+01 2.835460613548019815e-01
2.104795787610373026e+01 6.822704022667753065e+01 2.853845541701687250e-01
2.086106782398890402e+01 6.814993493343223463e+01 2.863498259679354563e-01
2.077998574178333513e+01 7.184111698924256473e+01 2.866338330864754425e-01
2.116319644119369059e+01 7.051007468349111207e+01 2.893336225381769600e-01
2.097917637273008751e+01 7.135188090745312195e+01 2.898599496009646725e-01
2.152933261536474063e+01 6.780361624650034003e+01 2.915528160339759256e-01
2.120958724208864510e+01 7.323854284076722365e+01 2.916453269130350745e-01
2.138747988768630393e+01 7.256129718163703046e+01 2.933777357930417717e-01
2.177389826842986409e+01 6.615325021921147197e+01 2.961263662801425500e-01
2.175526499149213322e+01 6.601603184894601384e+01 2.971936730969839124e-01
2.191006982190005914e+01 6.695064828217299180e+01 2.986756633526138627e-01
2.207646549126606317e+01 6.995805145810368231e+01 2.990351431871023924e-01
2.186850456149663557e+01 6.457503073403331939e+01 2.999846138909366133e-01
2.220800595254273802e+01 7.222248268768734647e+01 3.021103492019382997e-01
2.171121009138432711e+01 7.236718455962039798e+01 3.037613683779932794e-01
2.226933603200610534e+01 6.517690566082330861e+01 3.047096355027067993e-01
2.187054908939555986e+01 7.098047581399903549e+01 3.052844447146684792e-01
2.265156903092806218e+01 7.189429675678543674e+01 3.063432024682298249e-01
2.246146521513308159e+01 6.475661298197903193e+01 3.072651345601423722e-01
2.235924877581755155e+01 6.488152440669654197e+01 3.085354490352655854e-01
2.209985340789934938e+01 6.848998311875897116e+01 3.113222369284474600e-01
2.290123298877189484e+01 6.685497224470013578e+01 3.127168008979004377e-01
2.279048967526891900e+01 6.706793494091360230e+01 3.126345042451530443e-01
2.238074538356709908e+01 6.288429147687645582e+01 3.149613199326573576e-01
2.267379900193474640e+01 6.513833135529789331e+01 3.151351693377177909e-01
2.336943706803911525e+01 6.944542399785723319e+01 3.165556424122166757e-01
2.300828080832473432e+01 6.050968627064298033e+01 3.175753780576091589e-01
2.277800890135618062e+01 6.588505588083906162e+01 3.189134004011183743e-01
2.333898168472176593e+01 6.871496526787754533e+01 3.213248385947793939e-01
2.318905182464263603e+01 6.249899402005157611e+01 3.219863906712904233e-01
2.316761120354084724e+01 6.319888954355707256e+01 3.239227216740322435e-01
2.378719328393260568e+01 6.662378885304552512e+01 3.235866787566276104e-01
2.318878521739892662e+01 6.225473616485925987e+01 3.251409720992701202e-01
2.340311155446576663e+01 6.098372350485941240e+01 3.260923964309346834e-01
2.386082721777921734e+01 6.255166466973808781e+01 3.274100179399903610e-01
2.344749100943175790e+01 6.239179918612956044e+01 3.299036552956575719e-01
2.353593967441312174e+01 5.752928406522885041e+01 3.312626539649524138e-01
2.375347493364441220e+01 5.906442559004414505e+01 3.323783104148879675e-01
2.353799505418125548e+01 6.483034614312217059e+01 3.336166744969517040e-01
2.389830320155400756e+01 5.706812282032944950e+01 3.349279160408489830e-01
2.424283368081452394e+01 6.541838521687995467e+01 3.358427243724624311e-01
2.437501586023625677e+01 6.356835664715371337e+01 3.373897402785193123e-01
2.471679319704277589e+01 6.426949801531087303e+01 3.379918294895841724e-01
2.486332190683019050e+01 5.573459296568980648e+01 3.401816437503463741e-01
2.483125024832949990e+01 6.215120727590205973e+01 3.406621903587877531e-01
2.417052824969141867e+01 5.983829451788406573e+01 3.414380076414473830e-01
2.419748353820841658e+01 5.992533258455187450e+01 3.436634881435075561e-01
2.479901717431049946e+01 5.556530155113032521e+01 3.456119126792484009e-01
2.481539982254869159e+01 5.523729307485325535e+01 3.464206430501059475e-01
2.452380430179814752e+01 6.038806545992029839e+01 3.474906303557356302e-01
