9.499999999999999556e-01 1.450000000000000000e+02 1.000000000000000056e-01
9.500625852998653142e-01 1.453684257162179279e+02 9.999924138647170446e-02
9.569276766697282222e-01 1.820374285916940948e+02 9.994086435617609288e-02
9.648669679175918557e-01 2.181644976287187490e+02 9.990970844701155262e-02
9.737743835382672852e-01 2.538031479196599207e+02 9.989797684984828841e-02
9.835669439881044029e-01 2.889952426442890214e+02 9.990095358499759270e-02
9.941789925439333819e-01 3.237739056194452019e+02 9.991558046151688410e-02
1.005558119506625214e+00 3.581655775383390505e+02 9.993976669313577033e-02
1.017662229388272221e+00 3.921914955746199212e+02 9.997202436136046200e-02
1.030457399145756181e+00 4.258687739035412392e+02 1.000112635339367451e-01
1.043916253912163583e+00 4.592112231454606217e+02 1.000566631938338419e-01
1.058016750991081167e+00 4.922299638407185967e+02 1.001075942145766423e-01
1.072741232357687036e+00 5.249339044628378588e+02 1.001635663825239525e-01
1.088075693743885131e+00 5.573301101650727105e+02 1.002241937079568074e-01
1.104009196165671502e+00 5.894240996648534292e+02 1.002891686833244783e-01
1.120533403782014270e+00 6.212200783939804296e+02 1.003582448718225578e-01
1.137642210130886955e+00 6.527211270625462021e+02 1.004312239279964436e-01
1.155331434487694153e+00 6.839293548461090495e+02 1.005079459294122568e-01
1.173598573465028938e+00 7.148460247036157398e+02 1.005882820673805328e-01
1.192442596405217436e+00 7.454716566018622643e+02 1.006721290372687011e-01
1.211863774487632828e+00 7.758061137308557136e+02 1.007594046154324519e-01
1.231863541747660662e+00 8.058486726197436383e+02 1.008500443524834866e-01
1.252444376996234787e+00 8.355980827084097200e+02 1.009439988741117761e-01
1.273609700588484328e+00 8.650526184276919821e+02 1.010412314952437024e-01
1.295363790857399611e+00 8.942101213585960977e+02 1.011417165389161960e-01
1.317711715908339132e+00 9.230680346419690068e+02 1.012454380043819185e-01
1.340659267581924885e+00 9.516234362942170719e+02 1.013523881955983030e-01
1.364212913922473458e+00 9.798730631869822219e+02 1.014625669081424403e-01
1.388379752028976899e+00 1.007813334833823319e+03 1.015759805205199012e-01
1.413167470401665016e+00 1.035440372386374065e+03 1.016926413393663964e-01
1.438584316982782330e+00 1.062750014757772533e+03 1.018125670490600682e-01
1.464639069285404993e+00 1.089737833692671302e+03 1.019357801878758712e-01
1.491341010386681099e+00 1.116399145878649279e+03 1.020623077520793759e-01
1.518699908959295630e+00 1.142729023020337081e+03 1.021921808729584352e-01
1.546726005439457152e+00 1.168722298817667706e+03 1.023254346253760355e-01
1.575429984414840945e+00 1.194373582896158496e+03 1.024621074858961811e-01
1.604822973714403744e+00 1.219677261266100686e+03 1.026022414105875052e-01
1.634916526435498563e+00 1.244627505389880071e+03 1.027458815081791210e-01
1.665722611081999371e+00 1.269218277157292505e+03 1.028930758794619621e-01
1.697253607978933543e+00 1.293443330694361066e+03 1.030438755864613448e-01
1.729522295135317078e+00 1.317296219495537343e+03 1.031983343952919269e-01
1.762541848578289327e+00 1.340770296255129779e+03 1.033565088035456603e-01
1.796325833372182323e+00 1.363858717398182534e+03 1.035184578858476812e-01
1.830888200210128325e+00 1.386554444800010515e+03 1.036842432381074736e-01
1.866243283398559161e+00 1.408850246803018990e+03 1.038539289462070692e-01
1.902405794865641209e+00 1.430738701239448119e+03 1.040275814852277825e-01
1.939390824935387947e+00 1.452212195040832512e+03 1.042052697300886177e-01
1.977213838063617946e+00 1.473262926389212453e+03 1.043870648868601703e-01
2.015890672165478570e+00 1.493882905056395657e+03 1.045730404788575568e-01
2.055437537243353763e+00 1.514063953096179375e+03 1.047632723253583975e-01
2.095871012883191664e+00 1.533797706107452996e+03 1.049578385055902341e-01
2.137208051182782231e+00 1.553075611756881472e+03 1.051568193962367503e-01
2.179465976056724319e+00 1.571888930129549635e+03 1.053602976632368737e-01
2.222662475617127154e+00 1.590228737572898353e+03 1.055683581712227731e-01
2.266815606236243674e+00 1.608085924647125921e+03 1.057810880388889430e-01
2.311943795162165305e+00 1.625451194805570594e+03 1.059985766786353811e-01
2.358065837496299721e+00 1.642315065919570998e+03 1.062209157737687010e-01
2.405200889648350770e+00 1.658667873580433479e+03 1.064481992278485112e-01
2.453368476481500249e+00 1.674499767494681464e+03 1.066805232517858276e-01
2.502588489222460133e+00 1.689800712538438802e+03 1.069179863628052229e-01
2.552881179884553653e+00 1.704560491570984823e+03 1.071606893642410574e-01
2.604267160104634549e+00 1.718768706021525986e+03 1.074087353620293839e-01
2.656767403680005302e+00 1.732414774609322876e+03 1.076622298118091736e-01
2.710403242536803425e+00 1.745487935377640270e+03 1.079212805221462096e-01
2.765196358109914154e+00 1.757977250042577907e+03 1.081859976406152335e-01
2.821168784104565841e+00 1.769871602599848302e+03 1.084564937020920383e-01
2.878342902880114185e+00 1.781159701149156035e+03 1.087328836466697202e-01
2.936741437590929760e+00 1.791830081859121719e+03 1.090152848241278810e-01
2.996387443698025788e+00 1.801871113249663949e+03 1.093038169995170089e-01
3.057304310136346182e+00 1.811270995603103302e+03 1.095986023968685275e-01
3.119515750551668631e+00 1.820017765385145140e+03 1.098997657090620972e-01
3.183045787509866109e+00 1.828099303211306278e+03 1.102074340925602025e-01
3.247918749365097835e+00 1.835503335426913509e+03 1.105217371991568109e-01
3.314159262083407942e+00 1.842217438232097720e+03 1.108428071958296735e-01
3.381792234297568367e+00 1.848229045221625711e+03 1.111707787698967831e-01
3.450842835562309308e+00 1.853525458355135925e+03 1.115057891213086655e-01
3.521336494431021702e+00 1.858093848927442423e+03 1.118479780007854557e-01
3.593298879380831590e+00 1.861921267191835341e+03 1.121974877113489505e-01
3.666755879342195712e+00 1.864994652182899245e+03 1.125544631115419081e-01
3.741733570372102413e+00 1.867300848529883297e+03 1.129190515950669466e-01
3.818258205468931799e+00 1.868826611595104850e+03 1.132914031122567028e-01
3.896356187001324134e+00 1.869558621383584978e+03 1.136716701613391112e-01
3.976054037024082444e+00 1.869483497518675222e+03 1.140600077771826287e-01
4.057378364327341558e+00 1.868587815865752873e+03 1.144565735260527906e-01
4.140355830993344810e+00 1.866858125404325847e+03 1.148615274828410221e-01
4.225013114808730208e+00 1.864280967191035643e+03 1.152750322076755152e-01
4.311376867610463570e+00 1.860842895374132922e+03 1.156972527197249745e-01
4.399473661814051084e+00 1.856530504169995083e+03 1.161283564575166238e-01
4.489329941590351147e+00 1.851330452494423525e+03 1.165685132395479218e-01
4.580971972467267506e+00 1.845229489388591219e+03 1.170178952202831357e-01
4.674425778789086827e+00 1.838214485570805437e+03 1.174766768333618677e-01
4.769717065610545426e+00 1.830272472840951650e+03 1.179450347078657840e-01
4.866871136132759013e+00 1.821390685734067119e+03 1.184231475777257347e-01
4.965912830739034334e+00 1.811556592276772790e+03 1.189111962262445060e-01
5.066866431261233927e+00 1.800757942284895307e+03 1.194093633748292554e-01
5.169755553637341627e+00 1.788982821517721050e+03 1.199178335526274869e-01
5.274603011844112288e+00 1.776219720323977526e+03 1.204367929190055392e-01
5.381430737922334728e+00 1.762457573989085404e+03 1.209664291797472729e-01
5.490259641685797831e+00 1.747685833511990268e+03 1.215069314035865794e-01
5.601109463406481304e+00 1.731894539925477147e+03 1.220584898270188207e-01
5.713998571309335084e+00 1.715074426460059158e+03 1.226212955644700731e-01
5.828943818979423597e+00 1.697216990482071651e+03 1.231955404238976315e-01
5.945960345980646267e+00 1.678314594081526593e+03 1.237814166250409409e-01
6.065061357820228594e+00 1.658360575080029093e+03 1.243791164787536041e-01
6.186257893390473939e+00 1.637349364356412252e+03 1.249888320491386318e-01
6.309558573945654558e+00 1.615276612487895818e+03 1.256107547863628549e-01
6.434969306501468367e+00 1.592139339385059429e+03 1.262450750756263784e-01
6.562492922027263198e+00 1.567936116823867906e+03 1.268919816701916115e-01
6.692128886934908927e+00 1.542667213999532350e+03 1.275516612625954560e-01
6.823872908023167483e+00 1.516334796832077245e+03 1.282242978610329265e-01
6.957716468499373974e+00 1.488943162043402481e+03 1.289100720125094246e-01
7.093646393146232576e+00 1.460498956530634132e+03 1.296091601195967502e-01
7.231644351993339548e+00 1.431011427763840629e+03 1.303217336327395226e-01
7.371686270122056683e+00 1.400492721539474587e+03 1.310479580350911444e-01
7.513741674618161781e+00 1.368958211442761694e+03 1.317879916984184274e-01
7.657773050199251585e+00 1.336426823933673631e+03 1.325419847954082686e-01
7.803735088127614183e+00 1.302921417270386200e+03 1.333100779141960235e-01
7.951573873894573374e+00 1.268469191322527422e+03 1.340924005817536180e-01
8.101225997187089689e+00 1.233102136593024625e+03 1.348890696203639550e-01
8.252617555596486909e+00 1.196857536847056053e+03 1.357001870936350441e-01
8.405663115861283785e+00 1.159778493165037389e+03 1.365258383054853975e-01
8.560264587182535578e+00 1.121914492355038419e+03 1.373660894364155949e-01
8.716310055209792296e+00 1.083321995206859356e+03 1.382209847263476399e-01
8.873672441740284356e+00 1.044065112673797557e+03 1.390905436500651793e-01
9.032208196893991570e+00 1.004216265670323878e+03 1.399747575239702613e-01
9.191756028911768794e+00 9.638568258889280287e+02 1.408735856066228309e-01
9.352135475205058057e+00 9.230778367055351055e+02 1.417869510210036377e-01
9.513145603709441289e+00 8.819806683466464392e+02 1.427147362241604767e-01
9.674563742716687287e+00 8.406776586890623548e+02 1.436567778369416681e-01
9.836144725026322533e+00 7.992924945854236967e+02 1.446128609219271555e-01
9.997620117544386176e+00 7.579606005316321671e+02 1.455827129901485495e-01
1.015869790564873121e+01 7.168292979045625088e+02 1.465659976087885785e-01
1.031906321281127781e+01 6.760574419126297698e+02 1.475623074212315811e-01
1.047837956396126380e+01 6.358147842290347853e+02 1.485711572589822616e-01
1.063629132895457552e+01 5.962807402614798775e+02 1.495919773205140746e-01
1.079242775805463239e+01 5.576423532520739172e+02 1.506241069108339437e-01
1.094640838234963276e+01 5.200915697668174289e+02 1.516667892943034113e-01
1.109785046988979573e+01 4.838214780743780921e+02 1.527191685148846234e-01
1.124637826911641980e+01 4.490216448361168204e+02 1.537802891233192026e-01
1.139163409716944564e+01 4.158725210549386020e+02 1.548491000461781064e-01
1.153329084052764131e+01 3.845391355022997573e+02 1.559244639121318554e-01
1.167106521416524600e+01 3.551644054736992757e+02 1.570051731128499217e-01
1.180473067091534034e+01 3.278626240148469151e+02 1.580899737345763945e-01
1.193412892761233124e+01 3.027136449827865476e+02 1.591775974158483598e-01
1.205917847833489631e+01 2.797585881148251588e+02 1.602668008754706275e-01
1.217987908156168864e+01 2.589975752584795146e+02 1.613564107736510933e-01
1.229631130204763600e+01 2.403899614948912813e+02 1.624453705329649555e-01
1.240863095145484429e+01 2.238571398405268837e+02 1.635327843275167781e-01
1.251705890829587631e+01 2.092876770857982365e+02 1.646179531370386973e-01
1.262186748456838004e+01 1.965441918278909270e+02 1.657003978098402497e-01
1.272336487345156009e+01 1.854712006078987940e+02 1.667798663163392037e-01
1.282187931276695636e+01 1.759031074448529353e+02 1.678563244161889179e-01
1.291774442965520642e+01 1.676715974463010355e+02 1.689299314864093349e-01
1.301128682495736300e+01 1.606119004879346903e+02 1.700010055636988204e-01
1.310281644518751776e+01 1.545676485533936670e+02 1.710699825971227772e-01
1.319261988094940818e+01 1.493942566830915268e+02 1.721373749202436132e-01
1.328095636790989786e+01 1.449609404830954986e+02 1.732037331068441155e-01
1.336805606308796790e+01 1.411515857373320273e+02 1.742696138324550392e-01
1.345412008925215197e+01 1.378647260090740474e+02 1.753355550519804240e-01
1.353932183241966491e+01 1.350128880526360717e+02 1.764020585646487727e-01
1.362380904598031073e+01 1.325215302828635799e+02 1.774695792010111128e-01
1.370770638766317084e+01 1.303277628754334216e+02 1.785385194307882450e-01
1.379111814487426457e+01 1.283789728340084650e+02 1.796092281564846682e-01
1.387413091828427980e+01 1.266314701202288688e+02 1.806820023570554212e-01
1.395681616257455815e+01 1.250492058473557648e+02 1.817570906154642729e-01
1.403923251102726510e+01 1.236025995245377374e+02 1.828346976984609185e-01
1.412142784421597774e+01 1.222674954024036822e+02 1.839149895649326294e-01
1.420344109947023270e+01 1.210242495982054436e+02 1.849980984067672307e-01
1.428530382698808765e+01 1.198569450370185905e+02 1.860841274512444743e-01
1.436704151371333360e+01 1.187527235557029286e+02 1.871731553779077128e-01
1.444867469537172333e+01 1.177012248806182129e+02 1.882652402533047664e-01
1.453021988473766157e+01 1.166941183170736878e+02 1.893604229857361598e-01
1.461169034013224888e+01 1.157247150420774915e+02 1.904587303060719106e-01
1.469309669688017195e+01 1.147876495343211332e+02 1.915601773025326082e-01
1.477444748467455504e+01 1.138786185636273132e+02 1.926647695598873999e-01
1.485574954713457707e+01 1.129941695241176092e+02 1.937725049418695666e-01
1.493700838289636401e+01 1.121315283538689158e+02 1.948833750733488246e-01
1.501822842013078940e+01 1.112884610406737522e+02 1.959973665597018466e-01
1.509941323687052872e+01 1.104631624670477805e+02 1.971144619839502177e-01
1.518056573785274210e+01 1.096541671930920927e+02 1.982346407223113394e-01
1.526168829510820046e+01 1.088602785292859210e+02 1.993578796031062750e-01
1.534278285997424263e+01 1.080805120259388730e+02 2.004841534403405123e-01
1.542385105184476757e+01 1.073140506988299308e+02 2.016134354627870939e-01
1.550489422809114437e+01 1.065602097541059976e+02 2.027456976568293434e-01
1.558591353932081347e+01 1.058184087103091429e+02 2.038809110414399883e-01
1.566690997339584079e+01 1.050881491910295864e+02 2.050190458894425583e-01
1.574788438870054996e+01 1.043689981413748882e+02 2.061600718969274215e-01
1.582883754072805083e+01 1.036605744150729720e+02 2.073039583204140113e-01
1.590977010349032028e+01 1.029625379730794350e+02 2.084506740887923648e-01
1.599068268537992665e+01 1.022745818813445311e+02 2.096001878865327572e-01
1.607157584188197319e+01 1.015964258976342194e+02 2.107524682211043554e-01
1.615245008532362192e+01 1.009278115528947239e+02 2.119074834753240377e-01
1.623330589259557399e+01 1.002684982557657918e+02 2.130652019489426841e-01
1.631414371110386341e+01 9.961826028990213899e+01 2.142255918909670986e-01
1.639496396339973572e+01 9.897688447820681290e+01 2.153886215248811409e-01
1.647576705075196202e+01 9.834416838058012900e+01 2.165542590681862056e-01
1.655655335610625301e+01 9.771991880091236737e+01 2.177224727486525846e-01
1.663732324637294013e+01 9.710395063293964313e+01 2.188932308168066720e-01
1.671807707371043250e+01 9.649608621274731490e+01 2.200665015528354418e-01
1.679881517756550835e+01 9.589615428943152153e+01 2.212422532780507767e-01
1.687953788562066038e+01 9.530398954718128834e+01 2.224204543600727391e-01
1.696024551480189047e+01 9.471943209681995768e+01 2.236010732182488192e-01
1.704093837179650706e+01 9.414232721461098663e+01 2.247840783260436071e-01
1.712161675379831038e+01 9.357252496627282312e+01 2.259694382153898673e-01
1.720228094916768313e+01 9.300987987399652468e+01 2.271571214803277117e-01
1.728293123785965335e+01 9.245425070046962901e+01 2.283470967792929907e-01
1.736356789181167670e+01 9.190550025324402839e+01 2.295393328371624908e-01
1.744419117533415431e+01 9.136349518772871647e+01 2.307337984474915893e-01
1.752480134544202883e+01 9.082810583987642872e+01 2.319304624743747101e-01
1.760539865215723765e+01 9.029920607362635110e+01 2.331292938541472959e-01
1.768598333878662032e+01 8.977667314067581117e+01 2.343302615969950209e-01
1.776655564217201544e+01 8.926038755431443406e+01 2.355333347884670803e-01
1.784711579292921613e+01 8.875023296887931679e+01 2.367384825909316370e-01
1.792766401567268986e+01 8.824609606636984438e+01 2.379456742449771178e-01
1.800820052923972980e+01 8.774786644337152097e+01 2.391548790708518391e-01
1.808872554687881617e+01 8.725543651602563955e+01 2.403660664697220006e-01
1.816923927643917125e+01 8.676870142439749145e+01 2.415792059249576851e-01
1.824974192054905942e+01 8.628755894253326630e+01 2.427942670033746420e-01
1.833023367680333138e+01 8.581190938382559352e+01 2.440112193565803500e-01
1.841071473816375814e+01 8.534165539905993114e+01 2.452300327175771233e-01
1.849118529188794469e+01 8.487670251678029842e+01 2.464506769246988527e-01
1.857164552186586803e+01 8.441695796448983913e+01 2.476731218843825633e-01
1.865209560730702876e+01 8.396233133099711665e+01 2.488973375989435854e-01
1.873253572293874569e+01 8.351273446636930942e+01 2.501232941665488263e-01
1.881296603933030198e+01 8.306808131840196552e+01 2.513509617683486463e-01
1.889338672291315646e+01 8.262828792242251552e+01 2.525803106734789694e-01
1.897379793600688558e+01 8.219327238820740433e+01 2.538113112579820085e-01
1.905419983746155665e+01 8.176295457589711191e+01 2.550439339898519231e-01
1.913459258271262797e+01 8.133725606830246591e+01 2.562781494281765049e-01
1.921497632342666861e+01 8.091610034964011788e+01 2.575139282342234215e-01
1.929535120766675149e+01 8.049941272209154874e+01 2.587512411697610593e-01
1.937571738023603984e+01 8.008712013245741446e+01 2.599900590927825550e-01
1.945607498289980342e+01 7.967915106016093318e+01 2.612303529537073343e-01
1.953642415390902087e+01 7.927543575758156180e+01 2.624720938145945204e-01
1.961676502858436422e+01 7.887590595544152450e+01 2.637152528390716011e-01
1.969709773931692354e+01 7.848049486243768058e+01 2.649598012920653112e-01
1.977742241571481330e+01 7.808913709127342884e+01 2.662057105369255994e-01
1.985773918436191465e+01 7.770176878038169832e+01 2.674529520477664790e-01
1.993804816908543387e+01 7.731832745893872527e+01 2.687014974052887029e-01
2.001834949112926054e+01 7.693875195940144351e+01 2.699513182969421887e-01
2.009864326926830813e+01 7.656298235982315248e+01 2.712023865139102097e-01
2.017892961969215548e+01 7.619096004256529397e+01 2.724546739572408782e-01
2.025920865604762255e+01 7.582262767280194282e+01 2.737081526401813902e-01
2.033948048962124844e+01 7.545792910648117413e+01 2.749627946850364824e-01
2.041974522941548642e+01 7.509680935185843964e+01 2.762185723259265591e-01
2.050000298227304185e+01 7.473921450679426925e+01 2.774754579054161119e-01
2.058025385276496166e+01 7.438509181519432900e+01 2.787334238811988718e-01
2.066049794328018763e+01 7.403438962183095384e+01 2.799924428255609055e-01
2.074073535413317870e+01 7.368705731806839765e+01 2.812524874243937933e-01
2.082096618363817697e+01 7.334304530436767777e+01 2.825135304793826574e-01
2.090119052817711776e+01 7.300230495604441217e+01 2.837755449065090807e-01
2.098140848220332089e+01 7.266478862139652506e+01 2.850385037372748509e-01
2.106162013824001278e+01 7.233044962245625698e+01 2.863023801225694775e-01
2.114182558697605785e+01 7.199924220669029751e+01 2.875671473316178672e-01
2.122202491735671970e+01 7.167112150121930370e+01 2.888327787523899959e-01
2.130221821659800341e+01 7.134604350556193708e+01 2.900992478919391382e-01
2.138240557021334354e+01 7.102396507819543103e+01 2.913665283769483194e-01
2.146258706208147515e+01 7.070484390229606220e+01 2.926345939525476503e-01
2.154276277442775722e+01 7.038863849516785365e+01 2.939034184886565315e-01
2.162293278794492934e+01 7.007530814732655244e+01 2.951729759766894556e-01
2.170309718178582870e+01 6.976481292616520591e+01 2.964432405306088869e-01
2.178325603359794371e+01 6.945711365852460517e+01 2.977141863873709049e-01
2.186340941956872896e+01 6.915217190783619117e+01 2.989857879072156388e-01
2.194355741446586805e+01 6.884994995379938132e+01 3.002580195758979276e-01
2.202370009168334875e+01 6.855041076915554754e+01 3.015308560036696339e-01
2.210383752325509477e+01 6.825351801277923869e+01 3.028042719255715221e-01
2.218396977987787011e+01 6.795923601815961490e+01 3.040782422028285858e-01
2.226409693094174003e+01 6.766752977800848612e+01 3.053527418246584357e-01
2.234421904459794561e+01 6.737836491002461514e+01 3.066277459069567946e-01
2.242433618775818260e+01 6.709170765725707497e+01 3.079032296932286972e-01
2.250444842612068186e+01 6.680752487494547154e+01 3.091791685549135082e-01
2.258455582420165086e+01 6.652578401466591629e+01 3.104555379920077018e-01
2.266465844537469820e+01 6.624645310443457902e+01 3.117323136342128320e-01
2.274475635189354250e+01 6.596950073724853780e+01 3.130094712405270263e-01
2.282484960490444692e+01 6.569489606481664623e+01 3.142869866999068451e-01
2.290493826447698922e+01 6.542260878203946106e+01 3.155648360311996692e-01
2.298502238962763400e+01 6.515260911511002462e+01 3.168429953852611725e-01
2.306510203835713568e+01 6.488486780264827303e+01 3.181214410437806506e-01
2.314517726765547323e+01 6.461935609320856599e+01 3.194001494200561786e-01
2.322524813352779915e+01 6.435604573219073643e+01 3.206790970588903611e-01
2.330531469101172348e+01 6.409490895311986947e+01 3.219582606387613732e-01
2.338537699421824101e+01 6.383591845700409806e+01 3.232376169704694879e-01
2.346543509633359648e+01 6.357904741137848958e+01 3.245171429979836208e-01
2.354548904964102363e+01 6.332426943935189456e+01 3.257968157983915369e-01
2.362553890553896352e+01 6.307155861041297840e+01 3.270766125833620697e-01
2.370558471457498229e+01 6.282088942331099446e+01 3.283565106984698279e-01
2.378562652644983544e+01 6.257223680402250920e+01 3.296364876237345976e-01
2.386566439003564000e+01 6.232557609655574993e+01 3.309165209736092406e-01
2.394569835339298081e+01 6.208088305434899468e+01 3.321965884981849526e-01
2.402572846380014582e+01 6.183813382550602711e+01 3.334766680827145890e-01
2.410575476775807502e+01 6.159730495030316177e+01 3.347567377480023532e-01
2.418577731100652173e+01 6.135837335303424567e+01 3.360367756503648273e-01
2.426579613853955308e+01 6.112131633419281940e+01 3.373167600827821633e-01
2.434581129463127525e+01 6.088611155749030246e+01 3.385966694743591798e-01
2.442582282284046968e+01 6.065273704752485884e+01 3.398764823907045041e-01
2.450583076602585564e+01 6.042117118206760296e+01 3.411561775337964009e-01
2.458583516636007005e+01 6.019139268502742368e+01 3.424357337432245574e-01
2.466583606535185424e+01 5.996338061524163976e+01 3.437151299954729899e-01
2.474583350385029590e+01 5.973711436435002042e+01 3.449943454043455371e-01
2.482582752205972199e+01 5.951257364926856752e+01 3.462733592207277167e-01
2.490581815955317779e+01 5.928973850539219370e+01 3.475521508338106913e-01
