9.000000000000000222e-01 1.500000000000000000e+02 0.000000000000000000e+00
9.000607689891522156e-01 1.503693420449727114e+02 9.238257826970052871e-07
9.067057204996862296e-01 1.871494054794801798e+02 9.387944216497837841e-05
9.143569789669175885e-01 2.234217870543338904e+02 1.874647661733015128e-04
9.229171456521138017e-01 2.592356244332243023e+02 2.818074664353341710e-04
9.323098676957064512e-01 2.946294376338036614e+02 3.770150408391090258e-04
9.424746372523495896e-01 3.296337528640490859e+02 4.731818099925207371e-04
9.533631039952263908e-01 3.642729628638396662e+02 5.703928702740139554e-04
9.649364066624473990e-01 3.985666731397985245e+02 6.687265554579762935e-04
9.771632254784159421e-01 4.325306845187143381e+02 7.682560645652551992e-04
9.900182941285120553e-01 4.661777438563127021e+02 8.690506525249919482e-04
1.003481284850784139e+00 4.995181065084983629e+02 9.711764850035653311e-04
1.017535940237744185e+00 5.325599743373489900e+02 1.074697301663261970e-03
1.032169397338694949e+00 5.653098367014912355e+02 1.179674933978084889e-03
1.047371649160472318e+00 5.977727421289768017e+02 1.286169724314337442e-03
1.063135116120214274e+00 6.299525145193588287e+02 1.394240866341942995e-03
1.079454300252297383e+00 6.618519275962947859e+02 1.503946687372104693e-03
1.096325504609008572e+00 6.934728464699060169e+02 1.615344885822654272e-03
1.113746602868168178e+00 7.248163438697318952e+02 1.728492733490473747e-03
1.131716850008351427e+00 7.558827956590812391e+02 1.843447249345063921e-03
1.150236724747782491e+00 7.866719603246101542e+02 1.960265350971769106e-03
1.169307796265237176e+00 8.171830462156261774e+02 2.079003988668575668e-03
1.188932622316906107e+00 8.474147629441310983e+02 2.199720257515070526e-03
1.209114644284647211e+00 8.773653743329775807e+02 2.322471511133592913e-03
1.229858119613595813e+00 9.070327325010949835e+02 2.447315448900928836e-03
1.251168046577859405e+00 9.364143158191957355e+02 2.574310207236282181e-03
1.273050114632362284e+00 9.655072539572710184e+02 2.703514433712673592e-03
1.295510651994327800e+00 9.943083543297311735e+02 2.834987362280696945e-03
1.318556585682835625e+00 1.022814122255450911e+03 2.968788879076125244e-03
1.342195406777600075e+00 1.051020778484713901e+03 3.104979584412921167e-03
1.366435138181437692e+00 1.078924275463049753e+03 3.243620852861974629e-03
1.391284310782156419e+00 1.106520309357558972e+03 3.384774886923358657e-03
1.416751938942055755e+00 1.133804332422461812e+03 3.528504771105885323e-03
1.442847501408127897e+00 1.160771562629900245e+03 3.674874521945841431e-03
1.469580926514595154e+00 1.187416991135259195e+03 3.823949134706479142e-03
1.496962581223639344e+00 1.213735387806118524e+03 3.975794627255178730e-03
1.525003247582518595e+00 1.239721313099635836e+03 4.130478093917484828e-03
1.553714124396009311e+00 1.265369117218801648e+03 4.288067739514546395e-03
1.583106813107279853e+00 1.290672947235537549e+03 4.448632925780728227e-03
1.613193308405999948e+00 1.315626751828905071e+03 4.612244214181977428e-03
1.643985998434699836e+00 1.340224281180997878e+03 4.778973401544264581e-03
1.675497652424638106e+00 1.364459093214646145e+03 4.948893566108742564e-03
1.707741421379476154e+00 1.388324553248502070e+03 5.122079102643268753e-03
1.740730833421535673e+00 1.411813836344854963e+03 5.298605762268194380e-03
1.774479788780412903e+00 1.434919929837873269e+03 5.478550692744094293e-03
1.809002561404538856e+00 1.457635632520573608e+03 5.661992473612142800e-03
1.844313793894851061e+00 1.479953557200783052e+03 5.849011156974133659e-03
1.880428498200031884e+00 1.501866130350391359e+03 6.039688303642042587e-03
1.917362054896467383e+00 1.523365592468611794e+03 6.234107020608656291e-03
1.955130211039446175e+00 1.544443999166050617e+03 6.432351999820818365e-03
1.993749082143597029e+00 1.565093220165578487e+03 6.634509553853340166e-03
2.033235149570056688e+00 1.585304940620501611e+03 6.840667654988128767e-03
2.073605262965846130e+00 1.605070659883897861e+03 7.050915970970148515e-03
2.114876642028296061e+00 1.624381690618463836e+03 7.265345901297675692e-03
2.157066876010788725e+00 1.643229159045868300e+03 7.484050615013794136e-03
2.200193917167088564e+00 1.661604008254087148e+03 7.707125092258456517e-03
2.244276090041801730e+00 1.679496993510365883e+03 7.934666156165386119e-03
2.289332091112084910e+00 1.696898682441980100e+03 8.166772510744348818e-03
2.335380986231827993e+00 1.713799456325641586e+03 8.403544778916843122e-03
2.382442207651149335e+00 1.730189511591165910e+03 8.645085540448425865e-03
2.430535561367091368e+00 1.746058856113045067e+03 8.891499367200059178e-03
2.479681225304558367e+00 1.761397310128165145e+03 9.142892860694685347e-03
2.529899744262798400e+00 1.776194508785304606e+03 9.399374688764408625e-03
2.581212031341562074e+00 1.790439901425640301e+03 9.661055622446323640e-03
2.633639370323213935e+00 1.804122750380968910e+03 9.928048572883499401e-03
2.687203412928850454e+00 1.817232132357997443e+03 1.020046862757603701e-02
2.741926171029344772e+00 1.829756942367870124e+03 1.047843308323229486e-02
2.797830020410484675e+00 1.841685891826657098e+03 1.076206148475333281e-02
2.854937698400047630e+00 1.853007509752494343e+03 1.105147566096795382e-02
2.913272298132261184e+00 1.863710145659164937e+03 1.134679975782854414e-02
2.972857258875563069e+00 1.873781974435740949e+03 1.164816026822428248e-02
3.033716369647085465e+00 1.883210994523079762e+03 1.195568607282071656e-02
3.095873762150237241e+00 1.891985031476811173e+03 1.226950847221196239e-02
3.159353897906883368e+00 1.900091744459155052e+03 1.258976121262177922e-02
3.224181560897392274e+00 1.907518629952015090e+03 1.291658051755997273e-02
3.290381855216075291e+00 1.914253022939811444e+03 1.325010512496441369e-02
3.357980193279728187e+00 1.920282102858270719e+03 1.359047631445451688e-02
3.427002273569053514e+00 1.925592904823878143e+03 1.393783792201656359e-02
3.497474075752383005e+00 1.930172322093960247e+03 1.429233637575282045e-02
3.569421848683508092e+00 1.934007112121779528e+03 1.465412072339190332e-02
3.642872092829378516e+00 1.937083905421760164e+03 1.502334265342090101e-02
3.717851532888598598e+00 1.939389219383455611e+03 1.540015650336856723e-02
3.794387098263753533e+00 1.940909468123261831e+03 1.578471927908068825e-02
3.872505906684775567e+00 1.941630970746428375e+03 1.617719067874898511e-02
3.952235234807938369e+00 1.941539966179864678e+03 1.657773310017495935e-02
4.033602488481804471e+00 1.940622628172970281e+03 1.698651164642208874e-02
4.116635169843259057e+00 1.938865081897688242e+03 1.740369412738730290e-02
4.201360844481622614e+00 1.936253420514205800e+03 1.782945106684021702e-02
4.287807102348040189e+00 1.932773724892170321e+03 1.826395569713309269e-02
4.376001513044489144e+00 1.928412086167383450e+03 1.870738394775461194e-02
4.465971569866620250e+00 1.923154633972190140e+03 1.915991441839042658e-02
4.557744649299195316e+00 1.916987556870028357e+03 1.962172837581159859e-02
4.651347951784100765e+00 1.909897132237965025e+03 2.009300972430956220e-02
4.746808437443910123e+00 1.901869758694163465e+03 2.057394497005844702e-02
4.844152734676981709e+00 1.892892002211650606e+03 2.106472314835545340e-02
4.943407084473763646e+00 1.882950624210746355e+03 2.156553580171867088e-02
5.044597256139997654e+00 1.872032624076703087e+03 2.207657691881616258e-02
5.147748453700387472e+00 1.860125286379058252e+03 2.259804286135313339e-02
5.252885181534287184e+00 1.847216248658427730e+03 2.313013223841292945e-02
5.360031150596230809e+00 1.833293548738249228e+03 2.367304583371337284e-02
5.469209166771144659e+00 1.818345681049576797e+03 2.422698650979203394e-02
5.580440991019123054e+00 1.802361667188043612e+03 2.479215907565955959e-02
5.693747162541903606e+00 1.785331145126372576e+03 2.536877010597535578e-02
5.809146819570864650e+00 1.767244459626833532e+03 2.595702775737716503e-02
5.926657543921517224e+00 1.748092740663501672e+03 2.655714161635200701e-02
6.046295144694739498e+00 1.727868012544982776e+03 2.716932246683000096e-02
6.168073431518314997e+00 1.706563308314060805e+03 2.779378204233810129e-02
6.292003976119808328e+00 1.684172790034179570e+03 2.843073276653011044e-02
6.418095846297953599e+00 1.660691883000877397e+03 2.908038745522147778e-02
6.546355255399301853e+00 1.636117452580818735e+03 2.974295890864724762e-02
6.676785249275797085e+00 1.610447962141698326e+03 3.041865955204664518e-02
6.809385364484840331e+00 1.583683645490307981e+03 3.110770103843431972e-02
6.944151198168172279e+00 1.555826723868639419e+03 3.181029372816331774e-02
7.081073927280042035e+00 1.526881648503272572e+03 3.252664609271841561e-02
7.220139869009530642e+00 1.496855322372317460e+03 3.325696419753830513e-02
7.361329927261428097e+00 1.465757379455807268e+03 3.400145101092285488e-02
7.504618930373090357e+00 1.433600518857545694e+03 3.476030555175807502e-02
7.649974991813319747e+00 1.400400827332521885e+03 3.553372208447861530e-02
7.797358782317276749e+00 1.366178146494847169e+03 3.632188917417843860e-02
7.946722734676436417e+00 1.330956474001223341e+03 3.712498860871952383e-02
8.098010159062956959e+00 1.294764409869795145e+03 3.794319424147121755e-02
8.251154263600067651e+00 1.257635650602396026e+03 3.877667062051134289e-02
8.406077072554028362e+00 1.219609534956694688e+03 3.962557144297502304e-02
8.562688306084941914e+00 1.180731609111920307e+03 4.049003799612293369e-02
8.720884155288832318e+00 1.141054244660129370e+03 4.137019719801292295e-02
8.880545939637595865e+00 1.100637315927750024e+03 4.226615954433635830e-02
9.041538666191698326e+00 1.059548926852777640e+03 4.317801684450509742e-02
9.203709637040084601e+00 1.017866113531338328e+03 4.410583952853536910e-02
9.366886886560463310e+00 9.756756326198797069e+02 4.504967378706052628e-02
9.530877690932134882e+00 9.330747132859426074e+02 4.600953843326560655e-02
9.695467017647134256e+00 8.901718394297968189e+02 4.698542138604671486e-02
9.860416245963730120e+00 8.470873952156464384e+02 4.797727576075019179e-02
1.002546217002915796e+01 8.039541679962096623e+02 4.898501559374488640e-02
1.019031605780512706e+01 7.609178230848056046e+02 5.000851140357468610e-02
1.035466345606198857e+01 7.181370021357901123e+02 5.104758528666231143e-02
1.051816499542503713e+01 6.757829169987054456e+02 5.210200575185462701e-02
1.068045767481303265e+01 6.340387017190333836e+02 5.317148263446873357e-02
1.084115793437126385e+01 5.930978622434779481e+02 5.425566190408174366e-02
1.099986618998246257e+01 5.531619887591997440e+02 5.535412089827719540e-02
1.115617324728600579e+01 5.144375198211355382e+02 5.646636431908585302e-02
1.130966896903129104e+01 4.771313696722104396e+02 5.759182142360401435e-02
1.145995308952936043e+01 4.414454723525062150e+02 5.872984514722906502e-02
1.160664809572583245e+01 4.075702831979575649e+02 5.987971386867321777e-02
1.174941365823336881e+01 3.756774983844778149e+02 6.104063668647917440e-02
1.188796164473417605e+01 3.459124806663957656e+02 6.221176302404204939e-02
1.202207057673783197e+01 3.183869659421229130e+02 6.339219716799734949e-02
1.215159784196594117e+01 2.931729021061150320e+02 6.458101799761281625e-02
1.227648811423197905e+01 2.702982012194713093e+02 6.577730346445376242e-02
1.239677662836985483e+01 2.497450873084857790e+02 6.698015855935327001e-02
1.251258655140506448e+01 2.314514226087938766e+02 6.818874463474874914e-02
1.262412049428096594e+01 2.153149898994734315e+02 6.940230716623083107e-02
1.273164710479815476e+01 2.012002563651223852e+02 7.062019885541127862e-02
1.283548432582140819e+01 1.889468198304642499e+02 7.184189532739997108e-02
1.293598128600676134e+01 1.783785448885242033e+02 7.306700164139905140e-02
1.303350073166040701e+01 1.693124260278318900e+02 7.429524932181492958e-02
1.312840351309638187e+01 1.615664142649536359e+02 7.552648505319005390e-02
1.322103610831116427e+01 1.549657114506662197e+02 7.676065328799358545e-02
1.331172156307202670e+01 1.493473409953834619e+02 7.799777556416755131e-02
1.340075373786473989e+01 1.445630502840310214e+02 7.923792922298453223e-02
1.348839445375258883e+01 1.404807505901833906e+02 8.048122754981260063e-02
1.357487289186921053e+01 1.369848200319191847e+02 8.172780303056291495e-02
1.366038670758597995e+01 1.339755414743804067e+02 8.297779389238199577e-02
1.374510420175892023e+01 1.313680071357026407e+02 8.423133435335491970e-02
1.382916714220239562e+01 1.290906951535421285e+02 8.548854802862228264e-02
1.391269384227274486e+01 1.270839164396216745e+02 8.674954397678961981e-02
1.399578226001524150e+01 1.252982511601041153e+02 8.801441478556117082e-02
1.407851294629383254e+01 1.236930614041265812e+02 8.928323612010452548e-02
1.416095174827083447e+01 1.222351272783006237e+02 9.055606726365232617e-02
1.424315221724969227e+01 1.208974321500385543e+02 9.183295225839818721e-02
1.432515771142714200e+01 1.196581018090865456e+02 9.311392137358687204e-02
1.440700320263571399e+01 1.184994929659356160e+02 9.439899271091908850e-02
1.448871680515893345e+01 1.174074219645426069e+02 9.568817380231262049e-02
1.457032105860423954e+01 1.163705175729582919e+02 9.698146312933553226e-02
1.465183399254309293e+01 1.153796838723776403e+02 9.827885151215426385e-02
1.473327000440760060e+01 1.144276573583062344e+02 9.958032334969915689e-02
1.481464057819827751e+01 1.135086443524811841e+02 1.008858577060281342e-01
1.489595486945193592e+01 1.126180258865828705e+02 1.021954292463859160e-01
1.497722017909455872e+01 1.117521186434509843e+02 1.035090090354791881e-01
1.505844233525860432e+01 1.109079823302624419e+02 1.048265652104978934e-01
1.513962599977533152e+01 1.100832650531440606e+02 1.061480635442993287e-01
1.522077491317773301e+01 1.092760797132047372e+02 1.074734679130981418e-01
1.530189208981437510e+01 1.084849055715900761e+02 1.088027406823523224e-01
1.538297997272700179e+01 1.077085101137401182e+02 1.101358430234477270e-01
1.546404055615423090e+01 1.069458872462756176e+02 1.114727351721633425e-01
1.554507548214443879e+01 1.061962085557857591e+02 1.128133766386818226e-01
1.562608611659177349e+01 1.054587849486780016e+02 1.141577263775688800e-01
1.570707360836856559e+01 1.047330368188571157e+02 1.155057429238483258e-01
1.578803893668332847e+01 1.040184701556322437e+02 1.168573845045939030e-01
1.586898294710268509e+01 1.033146583706382984e+02 1.182126091260028711e-01
1.594990637933778999e+01 1.026212282795989523e+02 1.195713746419472812e-01
1.603080988955523978e+01 1.019378488464667925e+02 1.209336388108233767e-01
1.611169406767789170e+01 1.012642224551623684e+02 1.222993593405227036e-01
1.619255945029553700e+01 1.006000783961313090e+02 1.236684939223764573e-01
1.627340653095928502e+01 9.994516767283990077e+01 1.250410002589616987e-01
1.635423576787511024e+01 9.929925912037936087e+01 1.264168360854051043e-01
1.643504759055918285e+01 9.866213604783506241e+01 1.277959591879972434e-01
1.651584240416060467e+01 9.803359405749051803e+01 1.291783274164888806e-01
1.659662059283837010e+01 9.741343934112938996e+01 1.305638986938843227e-01
1.667738252307669811e+01 9.680148700746519808e+01 1.319526310264742264e-01
1.675812854601748469e+01 9.619755990541052881e+01 1.333444825109439402e-01
1.683885899928965202e+01 9.560148770117207562e+01 1.347394113399471016e-01
1.691957420787141331e+01 9.501310644324557586e+01 1.361373758044730486e-01
1.700027448544815201e+01 9.443225787735448762e+01 1.375383342984421997e-01
1.708096013542773051e+01 9.385878893422841429e+01 1.389422453221059450e-01
1.716163145173854687e+01 9.329255132699354647e+01 1.403490674847653608e-01
1.724228871930505846e+01 9.273340131125917196e+01 1.417587595063680705e-01
1.732293221461200261e+01 9.218119940047550642e+01 1.431712802196048184e-01
1.740356220617104555e+01 9.163581013051208402e+01 1.445865885716794419e-01
1.748417895494833019e+01 9.109710184394286614e+01 1.460046436260016289e-01
1.756478271467579333e+01 9.056494653301028563e+01 1.474254045634852961e-01
1.764537373215930316e+01 9.003921968415144761e+01 1.488488306838983422e-01
1.772595224756418020e+01 8.951980013396334357e+01 1.502748814071599159e-01
1.780651849469365189e+01 8.900656992871581963e+01 1.517035162746695476e-01
1.788707270122463910e+01 8.849941420540379511e+01 1.531346949505083266e-01
1.796761508892022263e+01 8.799822108455232694e+01 1.545683772225652508e-01
1.804814587383917868e+01 8.750288156451152588e+01 1.560045230036862796e-01
1.812866526654437394e+01 8.701328941630880820e+01 1.574430923328692111e-01
1.820917347229572414e+01 8.652934108632538823e+01 1.588840453764354677e-01
1.828967069171379123e+01 8.605093536148055477e+01 1.603273424159555594e-01
1.837015711846152044e+01 8.557797453882263028e+01 1.617729439149472037e-01
1.845063294418568489e+01 8.511036193255499427e+01 1.632208103958568413e-01
1.853109835436499964e+01 8.464800396866283450e+01 1.646709025562306528e-01
1.861155353021884196e+01 8.419080922197217376e+01 1.661231812219187698e-01
1.869199864907655240e+01 8.373868822983054372e+01 1.675776073315581871e-01
1.877243388305828731e+01 8.329155415761616155e+01 1.690341419739666839e-01
1.885285940037687880e+01 8.284932214195919187e+01 1.704927463797094866e-01
1.893327536582912174e+01 8.241190904287509511e+01 1.719533819026080046e-01
1.901368194030074932e+01 8.197923369350941414e+01 1.734160100399054494e-01
1.909407928073320093e+01 8.155121691690938235e+01 1.748805924364008890e-01
1.917446754049017343e+01 8.112778134108729944e+01 1.763470908740956411e-01
1.925484686968648163e+01 8.070885123312235976e+01 1.778154672640988865e-01
1.933521741476774025e+01 8.029435271119811546e+01 1.792856836688977995e-01
1.941557931878481114e+01 7.988421360615927824e+01 1.807577022979220127e-01
1.949593272171469494e+01 7.947836329960514945e+01 1.822314855026886116e-01
1.957627776064314062e+01 7.907673263177650824e+01 1.837069957707119228e-01
1.965661456939310980e+01 7.867925408898966566e+01 1.851841957446294928e-01
1.973694327878584076e+01 7.828586167192982259e+01 1.866630482157878301e-01
1.981726401685742900e+01 7.789649078638500157e+01 1.881435161194005834e-01
1.989757690895068976e+01 7.751107819690824385e+01 1.896255625365427522e-01
1.997788207769752589e+01 7.712956203570107050e+01 1.911091507020860614e-01
2.005817964302968193e+01 7.675188179719995674e+01 1.925942440045955995e-01
2.013846972232293453e+01 7.637797826532751344e+01 1.940808059832069832e-01
2.021875243053624871e+01 7.600779344328103093e+01 1.955688003246089657e-01
2.029902788020334725e+01 7.564127055780085129e+01 1.970581908701098950e-01
2.037929618150245759e+01 7.527835402397259656e+01 1.985489416195504730e-01
2.045955744231054751e+01 7.491898941786266164e+01 2.000410167278878215e-01
2.053981176826854593e+01 7.456312344362437727e+01 2.015343805054333748e-01
2.062005926288655999e+01 7.421070388040750743e+01 2.030289974156953281e-01
2.070030002755803267e+01 7.386167957522059169e+01 2.045248320810265641e-01
2.078053416162904554e+01 7.351600040796640201e+01 2.060218492850873773e-01
2.086076176242853109e+01 7.317361727619812939e+01 2.075200139709757474e-01
2.094098292532424921e+01 7.283448206687968707e+01 2.090192912413997295e-01
2.102119774379429629e+01 7.249854762031283428e+01 2.105196463582001409e-01
2.110140630947134710e+01 7.216576770781249195e+01 2.120210447458495129e-01
2.118160871222689323e+01 7.183609698921334541e+01 2.135234519895982119e-01
2.126180504012987527e+01 7.150949103372876436e+01 2.150268338403951152e-01
2.134199537952451209e+01 7.118590628070795390e+01 2.165311562125392109e-01
2.142217981508117575e+01 7.086530001394247336e+01 2.180363851845029122e-01
2.150235842985777168e+01 7.054763033072138967e+01 2.195424870007264273e-01
2.158253130533510955e+01 7.023285612397668842e+01 2.210494280709583426e-01
2.166269852143967611e+01 6.992093707079710896e+01 2.225571749703807445e-01
2.174286015657928317e+01 6.961183361443758599e+01 2.240656944404555151e-01
2.182301628765674550e+01 6.930550695742921619e+01 2.255749533937765339e-01
2.190316699016741353e+01 6.900191901237036518e+01 2.270849189103643639e-01
2.198331233819379449e+01 6.870103240463669181e+01 2.285955582392357466e-01
2.206345240443540945e+01 6.840281045731282461e+01 2.301068387988414177e-01
2.214358726024857305e+01 6.810721717114397222e+01 2.316187281773329776e-01
2.222371697568510385e+01 6.781421720498579475e+01 2.331311941348709893e-01
2.230384161952999733e+01 6.752377585681171013e+01 2.346442046023766437e-01
2.238396125931122427e+01 6.723585905875336266e+01 2.361577276824670946e-01
2.246407596133715501e+01 6.695043335824281883e+01 2.376717316488562437e-01
2.254418579070913253e+01 6.666746591165143343e+01 2.391861849507070648e-01
2.262429081138515485e+01 6.638692445217058946e+01 2.407010562097282036e-01
2.270439108617864221e+01 6.610877729042991291e+01 2.422163142215562059e-01
2.278448667678484085e+01 6.583299330117455384e+01 2.437319279558419760e-01
2.286457764380655533e+01 6.555954191029283606e+01 2.452478665575506811e-01
2.294466404679630500e+01 6.528839307353783283e+01 2.467640993470286148e-01
2.302474594426718824e+01 6.501951727105000600e+01 2.482805958201509677e-01
2.310482339370979687e+01 6.475288549882392886e+01 2.497973256487751870e-01
2.318489645161791657e+01 6.448846925574942190e+01 2.513142586811288881e-01
2.326496517351863602e+01 6.422624052840727416e+01 2.528313649431112031e-01
2.334502961399285326e+01 6.396617178073641696e+01 2.543486146375288359e-01
2.342508982668560691e+01 6.370823594881309049e+01 2.558659781447989445e-01
2.350514586432982966e+01 6.345240642887318927e+01 2.573834260229372339e-01
2.358519777876960077e+01 6.319865706557842344e+01 2.589009290093197690e-01
2.366524562098415174e+01 6.294696213990807365e+01 2.604184580194972010e-01
2.374528944109501793e+01 6.269729636554932029e+01 2.619359841479816930e-01
2.382532928838724118e+01 6.244963487819408243e+01 2.634534786681058671e-01
2.390536521132926140e+01 6.220395322551575390e+01 2.649709130337946639e-01
2.398539725759604480e+01 6.196022735549682636e+01 2.664882588782928052e-01
2.406542547407520516e+01 6.171843361333218070e+01 2.680054880149131957e-01
2.414544990688580839e+01 6.147854873195470304e+01 2.695225724369106901e-01
2.422547060139683239e+01 6.124054982271309200e+01 2.710394843190130909e-01
2.430548760224697347e+01 6.100441436538733342e+01 2.725561960162639075e-01
2.438550095335100210e+01 6.077012020497890887e+01 2.740726800646477446e-01
2.446551069791632216e+01 6.053764554334466652e+01 2.755889091810864167e-01
2.454551687846122476e+01 6.030696893001481129e+01 2.771048562645465618e-01
2.462551953683001216e+01 6.007806925453247260e+01 2.786204943951459123e-01
2.470551871420042644e+01 5.985092574272837140e+01 2.801357968345754013e-01
2.478551445109821216e+01 5.962551794937106564e+01 2.816507370263435228e-01
2.486550678741544118e+01 5.940182574890074818e+01 2.831652885962774313e-01
