8.615967662118674264e-01 1.404080245907273365e+02 7.161646836685621204e-04
1.003928188519689790e+00 1.426733603008566718e+02 -1.106791874232772852e-04
1.096091830056870275e+00 1.822771454874950905e+02 3.810562695467903296e-04
9.562949635466170273e-01 2.131564581391002378e+02 -5.835688145214558377e-04
1.345390172073603008e+00 2.511512391963154300e+02 2.779168943017809720e-04
1.399286369929469753e+00 2.806749805550195447e+02 1.102957069644953545e-03
7.820548125179528354e-01 3.179311507816752851e+02 8.322243554069568006e-04
1.004330492307758060e+00 3.591940571655889016e+02 8.228739879167590397e-05
6.136337595635366071e-01 3.912495369972293133e+02 1.377263372140801780e-03
1.369785821902753664e+00 4.208896822758548524e+02 9.842520244302511382e-04
6.488595541421954271e-01 4.567270436297397396e+02 1.063557903034886365e-03
6.166079208540024004e-01 4.902689090851391143e+02 4.421601854938702995e-04
1.494875476105703260e+00 5.280450646939588069e+02 1.446955977432658668e-03
1.065062699073513031e+00 5.570552796647680225e+02 1.765107228502739000e-03
9.173006986896288240e-01 5.849305861472518018e+02 8.106820238128825077e-04
7.954769851736808173e-01 6.188712480384726859e+02 7.054462201260418329e-04
1.042020602632930837e+00 6.567799290171984694e+02 1.026935248726851269e-03
6.875616998962219562e-01 6.878624775296957523e+02 1.211920248688431404e-03
7.468366308141993759e-01 7.192960557036825548e+02 2.607145578105026472e-03
1.367610730554258414e+00 7.465399683875230039e+02 1.684255898271201733e-03
1.118517898105231723e+00 7.824808381835299542e+02 2.645322354129819517e-03
7.753155239929320208e-01 8.089196985892222074e+02 2.157584141752051654e-03
1.475483995792867820e+00 8.421756836935578576e+02 2.779569558863809360e-03
1.309764670393394503e+00 8.657312142211476385e+02 2.356844563104571084e-03
1.094370518195182163e+00 8.989814187835584107e+02 1.963732592072926428e-03
7.983622740132383377e-01 9.306444430216339470e+02 3.508031147882676587e-03
9.755083007729672406e-01 9.572815996750298382e+02 3.017615220222259233e-03
1.531391644510304406e+00 9.882995008715703307e+02 3.745406653000864488e-03
1.658817016666580324e+00 1.010468389111126271e+03 2.286665275600106764e-03
1.312332517771854334e+00 1.042384371769771406e+03 3.269379009672047226e-03
1.277492949328683514e+00 1.067652677413828769e+03 2.406741457841731976e-03
1.511034944567521521e+00 1.101313194760763508e+03 3.288727763629360236e-03
1.336475150008493484e+00 1.130322901656871181e+03 3.526862421662212491e-03
1.768964394416546071e+00 1.154901097798772071e+03 3.623833340949359806e-03
1.636509987076625983e+00 1.179687399514483559e+03 3.802383472462951899e-03
1.625269055956510389e+00 1.205054488009787974e+03 4.287151229820798139e-03
1.233548547961924369e+00 1.230681484936599873e+03 4.774780489758502153e-03
1.208281229520805855e+00 1.254779691049425082e+03 3.987658989820002699e-03
1.509962135080900936e+00 1.281052745458963045e+03 5.102321195925211758e-03
1.471047145290652391e+00 1.310048195319688830e+03 5.434779205697998390e-03
1.299255318723731012e+00 1.328643107784098447e+03 5.122675221429184161e-03
1.902453158691792101e+00 1.358912298926579524e+03 5.358903609660669101e-03
2.180523533687200644e+00 1.382343357402956826e+03 6.030691108672304145e-03
2.195580658302103583e+00 1.400535838876541447e+03 4.895488718144696411e-03
2.106476028099488751e+00 1.428761870358241140e+03 5.000895140490279125e-03
1.564717634937813351e+00 1.447750063106836251e+03 6.465496615688664378e-03
1.791094460342199435e+00 1.468558918783408217e+03 6.756088038570070252e-03
1.427604908433004693e+00 1.496118424717498101e+03 5.500037070192667805e-03
1.610081412029332526e+00 1.521534987178421716e+03 5.887382614116248337e-03
2.138241442935409076e+00 1.537305539376416391e+03 5.705043351734842560e-03
1.630653868153117525e+00 1.556182424927543252e+03 5.626478222198250112e-03
2.388511370400422607e+00 1.574022024270133443e+03 6.675186615798063203e-03
2.079569809416928372e+00 1.597414513252240113e+03 7.248924945883167270e-03
1.634742621218546521e+00 1.619716976357294470e+03 7.273159892222273021e-03
1.748170227737097182e+00 1.634862356009361520e+03 7.544682249282091968e-03
2.627685372961309440e+00 1.654519002581671430e+03 6.803052455409611468e-03
2.231130162149547846e+00 1.675204934293169345e+03 7.625884421458908879e-03
1.880254342574777304e+00 1.693043170018780302e+03 7.615069679172884951e-03
2.807154035729322317e+00 1.711549196884676803e+03 8.212756409069640884e-03
2.367568976730970221e+00 1.726478045842775600e+03 8.266958670274996562e-03
2.888278793969413449e+00 1.737471973481074656e+03 9.405089232073934880e-03
2.578393793964760317e+00 1.751624708504681621e+03 8.587653760693765570e-03
2.882253785473677166e+00 1.769043121811639594e+03 1.036133759416010477e-02
2.168343331091420634e+00 1.780861311348172194e+03 1.046327360842247770e-02
2.257645509379656801e+00 1.803251932453485324e+03 1.088166435669192696e-02
2.943925706841010737e+00 1.814387001600233134e+03 9.912336095605133943e-03
3.132239773427813123e+00 1.829947959458622563e+03 1.058806277115435443e-02
2.985284875012529593e+00 1.834279206156936198e+03 1.115500097453198461e-02
2.521188341920415965e+00 1.851336310553769181e+03 1.086379130093915145e-02
2.564843534984965423e+00 1.861924916707021794e+03 1.119655761198796833e-02
2.468097916356462473e+00 1.871002976596168992e+03 1.193379792590030380e-02
3.146318069923476735e+00 1.882797687848375745e+03 1.231560588454239276e-02
3.059073263966324951e+00 1.883768704658790966e+03 1.291574324407806888e-02
3.064860205264355208e+00 1.900624260232175175e+03 1.261323440721449397e-02
3.595506724051449776e+00 1.906616794451140095e+03 1.265945239151324009e-02
2.841384904677315859e+00 1.913619449681452124e+03 1.320334086424681218e-02
3.038527386968839394e+00 1.920500343031559169e+03 1.438657507000839532e-02
3.291714399497090771e+00 1.923260783493134340e+03 1.480308371056744156e-02
3.832622741524255083e+00 1.927763407245398184e+03 1.378422505192116766e-02
3.345053434025376138e+00 1.930790712065420621e+03 1.547650859025636108e-02
3.392305175065296829e+00 1.930400643889221556e+03 1.459270639992542307e-02
3.854808926171013006e+00 1.935627716333777471e+03 1.472502875860080829e-02
3.799373868967379941e+00 1.938894437068782054e+03 1.489455410181505894e-02
4.203394048737853161e+00 1.939699195957792199e+03 1.603590710373419687e-02
4.082131767220913865e+00 1.935227641290804058e+03 1.654632676451441020e-02
4.002617955913327030e+00 1.934691886874399643e+03 1.622177421017271734e-02
3.843786905262834619e+00 1.939539104246599891e+03 1.805505382226173239e-02
4.337545373860931974e+00 1.938602955014909639e+03 1.829020360535690490e-02
3.894144006626306442e+00 1.935037875631027646e+03 1.789274761160733127e-02
4.366335999173788451e+00 1.929342363259255990e+03 1.909878577759280271e-02
4.162504821938232347e+00 1.925027747333376283e+03 1.847938034443739538e-02
4.655781013756558728e+00 1.916469436146091084e+03 1.932785096266158298e-02
4.162835749459701695e+00 1.904243597914095290e+03 2.028135317833611520e-02
4.349749185806826013e+00 1.904104385155013233e+03 2.078101651761986648e-02
5.201707588923106584e+00 1.895568826747438379e+03 2.019814786710634122e-02
4.670577760074783313e+00 1.881573124038713331e+03 2.179687783852637603e-02
4.668453946396246224e+00 1.872697962522442594e+03 2.113733376991158361e-02
5.329046711929364299e+00 1.858702002177959457e+03 2.204122402055889302e-02
5.109172194483733165e+00 1.845332159023389295e+03 2.260866694061096013e-02
4.902597116318664128e+00 1.838037128219548777e+03 2.276291965778842047e-02
5.276166905121351114e+00 1.819400004830495391e+03 2.504868556827989992e-02
5.579071904476516686e+00 1.808269581923562782e+03 2.409265098414561587e-02
5.659981151157472468e+00 1.783896207260078427e+03 2.456763244354970635e-02
6.086246816631012635e+00 1.770471104591870699e+03 2.527996023324308172e-02
6.284609702247075269e+00 1.752853161451001370e+03 2.664023273392571514e-02
5.877210829306893203e+00 1.725358203568501267e+03 2.777192130493380540e-02
5.943450752310768692e+00 1.704098093090900420e+03 2.843083576131440887e-02
6.597320080296212197e+00 1.681925840495345938e+03 2.834595657646258454e-02
5.993308692967415752e+00 1.658242291260366528e+03 2.818632971908779927e-02
6.416109990718974032e+00 1.634479213789200685e+03 3.015367598580167077e-02
6.507137527996672333e+00 1.616353630279441177e+03 2.968379227269691417e-02
6.822150849953008134e+00 1.586123793548701542e+03 3.166109615131425942e-02
7.126178358480343533e+00 1.561999465619904413e+03 3.094449294901350372e-02
6.907148534512768556e+00 1.528014630820979164e+03 3.260062174538642249e-02
7.600952072544713722e+00 1.504747653492775271e+03 3.324503055213483965e-02
6.915045274606328896e+00 1.470204074632880520e+03 3.456964079795157851e-02
7.067400517786990299e+00 1.437917288929650795e+03 3.426805947003663810e-02
7.327852255018508565e+00 1.405075035556047851e+03 3.638354952323577529e-02
7.383028787325494946e+00 1.373119207038240575e+03 3.636224692563356370e-02
7.572047932151113159e+00 1.338758249931310729e+03 3.771346577453563165e-02
8.411455790647142550e+00 1.304261153281375073e+03 3.750708739937441694e-02
7.779866321896625969e+00 1.259978587128255413e+03 3.859029938690133887e-02
8.813716980022528347e+00 1.220930592031000288e+03 4.010971673451375896e-02
8.615798103085237969e+00 1.188577972414796704e+03 4.100157303253223334e-02
8.900070410455485970e+00 1.147767824199361485e+03 4.053219483064662843e-02
8.770371331002337456e+00 1.107897308917957616e+03 4.248191078266969761e-02
8.608597396155429848e+00 1.068486469851651918e+03 4.339582619337364888e-02
9.397130439008096303e+00 1.023894993815699991e+03 4.347739345880260314e-02
9.228227921480677054e+00 9.826047520387380700e+02 4.403087948096521403e-02
9.349583528548828681e+00 9.430756757474413234e+02 4.532949402434769542e-02
9.699674095782247818e+00 8.965782623452437292e+02 4.745098839803483376e-02
9.509638932872546135e+00 8.508001576028962063e+02 4.704706461529210154e-02
9.960456420976999681e+00 8.071433785703333115e+02 4.811224586430768585e-02
9.925337890543998398e+00 7.684292030891493823e+02 4.968750919342554417e-02
1.060518158036563285e+01 7.250202251352146732e+02 5.137919514125344200e-02
1.060842377888393351e+01 6.845055279064645219e+02 5.251093677208432120e-02
1.033808901714031592e+01 6.458276090918261616e+02 5.216630646327567733e-02
1.057676658026143279e+01 5.951271245292772392e+02 5.336644586656182077e-02
1.139405718836296089e+01 5.603067255521430070e+02 5.603514177817939257e-02
1.087842566029676661e+01 5.256176413043882576e+02 5.537940600387208229e-02
1.157183102737035796e+01 4.842984012320460465e+02 5.794929397888579081e-02
1.179085650827424914e+01 4.502768311394970624e+02 5.783455677051007465e-02
1.153561356373637459e+01 4.110430251142227576e+02 5.925182494474436068e-02
1.186121632543326321e+01 3.814379575310733230e+02 6.113291468255493966e-02
1.198259876935805757e+01 3.560095105882344342e+02 6.266774330022523154e-02
1.162644707552786549e+01 3.252994752550578141e+02 6.233556356600742504e-02
1.190152560687327821e+01 2.995722463986460866e+02 6.370915722428599492e-02
1.228816134188471487e+01 2.726691100139460104e+02 6.556975871384192189e-02
1.280469227318134706e+01 2.489142147357693489e+02 6.637284575140285636e-02
1.285960114294328882e+01 2.312425838114781413e+02 6.793595121829289207e-02
1.268826385098562959e+01 2.148207642786530300e+02 6.980317742127702119e-02
1.247721907664010210e+01 2.053302150298609945e+02 6.985509890773418384e-02
1.288914085722043978e+01 1.894222793649515211e+02 7.149439822019700019e-02
1.313775618227601427e+01 1.848295914478175916e+02 7.185409540429268938e-02
1.281121274355147222e+01 1.662264104324205505e+02 7.492734875622296398e-02
1.266123172695474430e+01 1.640267483611812622e+02 7.511271870920988025e-02
1.290576968255186685e+01 1.594607320762397364e+02 7.624853323584029896e-02
1.353441105313761383e+01 1.468640185275286569e+02 7.763430983758803916e-02
1.380363021802532764e+01 1.482512817959456015e+02 7.924365951084594295e-02
1.380325630778000701e+01 1.388564322377024212e+02 7.945416071250531453e-02
1.311246465923833959e+01 1.405153654980669842e+02 8.227168342028927384e-02
1.353638020732414127e+01 1.328516146014383708e+02 8.253181671646703244e-02
1.415468510799715141e+01 1.342177915477226691e+02 8.461085475448790194e-02
1.382700673212531228e+01 1.288588253050185131e+02 8.529332541498624298e-02
1.342835720149455803e+01 1.292077601340874367e+02 8.676708516919817704e-02
1.383231228865772700e+01 1.257333896602415564e+02 8.764098246783355584e-02
1.385198624543988188e+01 1.243570464069644714e+02 8.853362598050158738e-02
1.374506122942375264e+01 1.178499322078796467e+02 9.070227866684908713e-02
1.467977098359466481e+01 1.192864324475241062e+02 9.217542050843502421e-02
1.398569744233086354e+01 1.240096889342185165e+02 9.221616292659980119e-02
1.419103783538210095e+01 1.159890025240343334e+02 9.366245390117537706e-02
1.425584194960072537e+01 1.165530280612297815e+02 9.525418556461499875e-02
1.498102864206776985e+01 1.180329595402612597e+02 9.710971570783823170e-02
1.488788404473587867e+01 1.149625572596201550e+02 9.720770157056751737e-02
1.488151915357281929e+01 1.123904757317747141e+02 9.853397317904882824e-02
1.485403122429635658e+01 1.113928757838626069e+02 1.013400462284236719e-01
1.518861783268629928e+01 1.167381681767309658e+02 1.024510271482783758e-01
1.509035553662555174e+01 1.161574786350717972e+02 1.030316443745677157e-01
1.522104999191631336e+01 1.131490115904436493e+02 1.053633813346327580e-01
1.541039651483898432e+01 1.133908353441123609e+02 1.051327740482778800e-01
1.539945985841276155e+01 1.107657717210919657e+02 1.078016845089583842e-01
1.533215934741982522e+01 1.106855036727872061e+02 1.076825085209722060e-01
1.546670020138560275e+01 1.088553811266936293e+02 1.093307594720643039e-01
1.542143755363081148e+01 1.027150424007232346e+02 1.106925111319947835e-01
1.595375744107778893e+01 1.060494645011897603e+02 1.116496885009590767e-01
1.548187515503308909e+01 1.099792514826932148e+02 1.148734362276390975e-01
1.532871655639689301e+01 1.066206572246605901e+02 1.159752751776647189e-01
1.552618124152042789e+01 1.082264104014839319e+02 1.160491201523038834e-01
1.594038855137783095e+01 1.014648046497142957e+02 1.174274854413200342e-01
1.546057945138319134e+01 1.000785572642930958e+02 1.191229466338939169e-01
1.574141519725191962e+01 1.060354352356098104e+02 1.198546105994725830e-01
1.618438710970024630e+01 1.013328750360112593e+02 1.218548561881908354e-01
1.645856929276136782e+01 9.800691267415585628e+01 1.241322620663833226e-01
1.581845852843730427e+01 9.763111954561671268e+01 1.245021946837442106e-01
1.638486333374867598e+01 1.023533726402919513e+02 1.267220319358231817e-01
1.636754734359560004e+01 1.032651951635488103e+02 1.266270876283888680e-01
1.621777120177083731e+01 9.358785521578016642e+01 1.282028936949690667e-01
1.627341526800667992e+01 9.812690105757985748e+01 1.305571553584149169e-01
1.647512055322739144e+01 9.368026984435469728e+01 1.316159977183478658e-01
1.672274519826228811e+01 1.007105359584974451e+02 1.324587630710054309e-01
1.631903862984356834e+01 1.004612408617425814e+02 1.344739589249222544e-01
1.666734590230982604e+01 9.716531155227541205e+01 1.352819434087672579e-01
1.747165977199209763e+01 9.126473847297661735e+01 1.369588252629114211e-01
1.740051138895535843e+01 9.536145528705675645e+01 1.395133346371332794e-01
1.690896217400935342e+01 8.938838860956708743e+01 1.399287957148420136e-01
1.752079015898723924e+01 9.774923064230570446e+01 1.421020628642908346e-01
1.778724429432433496e+01 8.800344984731587772e+01 1.435608144310522027e-01
1.755941203167644460e+01 9.255537080039422904e+01 1.433899542717394504e-01
1.745984777412358113e+01 9.022685989752791613e+01 1.450595214634737840e-01
1.785113995163728617e+01 8.977930450878136526e+01 1.471589221817981297e-01
1.741960789012274091e+01 8.967599051576605973e+01 1.481197531107122656e-01
1.740844416233351311e+01 8.597630662699107518e+01 1.504921570373373985e-01
1.747935745862044499e+01 8.552087153696429311e+01 1.507281210925678350e-01
1.769907304992478103e+01 8.830245209003851414e+01 1.522273490633198612e-01
1.745719436377541811e+01 8.349428574214827847e+01 1.533120438874678859e-01
1.830360559635395745e+01 9.228990648225379800e+01 1.555328366938719398e-01
1.832436302859498412e+01 9.014619139603806275e+01 1.573501929622610762e-01
1.826195252224692567e+01 8.228135491296605153e+01 1.594230464107118383e-01
1.810169133747859505e+01 8.316925473961303794e+01 1.593825205210874507e-01
1.792082888779675898e+01 8.403809002528635119e+01 1.617944584019214704e-01
1.809843041740538894e+01 8.943386951871249835e+01 1.622151175344955232e-01
1.807296724635591545e+01 8.758842537849012899e+01 1.640976545373703521e-01
1.814893509386199000e+01 8.205798044853911222e+01 1.653765833216266079e-01
1.906748265954844612e+01 8.272357501443755723e+01 1.677448343665683128e-01
1.906502128793040640e+01 7.871493322421872563e+01 1.693522200605337147e-01
1.885047664718340954e+01 8.214320374338687714e+01 1.700378508412780654e-01
1.863782430019174186e+01 8.422508212673164962e+01 1.714502352864580026e-01
1.903129291451041993e+01 8.118023457827167988e+01 1.731729961700912146e-01
1.863067111525588615e+01 7.770625978452373772e+01 1.740099172664512084e-01
1.950633300790913793e+01 8.618312196147941506e+01 1.770033157646867528e-01
1.965317178620578176e+01 8.137138105787204267e+01 1.780865170489828175e-01
1.923867630080646052e+01 8.033153587646125970e+01 1.788097989749769523e-01
1.894899544828509264e+01 8.129037976028958212e+01 1.810958259569817874e-01
1.901186081246383708e+01 7.963285557233949419e+01 1.811201454241253561e-01
1.995765547527845030e+01 7.948770485038437528e+01 1.827310642568318322e-01
2.011158263966588322e+01 7.600834784972164471e+01 1.857005822704541065e-01
1.970738710585397158e+01 7.838881511935015567e+01 1.858639972171897137e-01
1.964828468176061804e+01 7.350216616437192840e+01 1.885086331538018134e-01
1.938255355485321019e+01 8.097443386914295615e+01 1.901456159617856967e-01
2.008546226858953432e+01 7.931200777337508612e+01 1.908845144610438471e-01
1.988064173795259393e+01 7.747024977059331263e+01 1.931091598173452217e-01
2.030410855488042188e+01 7.288540189711699213e+01 1.930740469344054688e-01
1.988864776143355684e+01 8.027198214574437429e+01 1.944656834269650469e-01
2.030470991480283516e+01 7.294848318003414533e+01 1.968252442181944173e-01
1.993564259734840860e+01 7.700047848911391668e+01 1.984551298844643985e-01
2.001454474580412679e+01 7.300064522892513708e+01 1.993896342994559701e-01
2.019878407491128058e+01 7.739896221780843177e+01 2.012575526505720469e-01
2.088724165428573087e+01 7.483154619610492375e+01 2.018874821846682321e-01
2.081994465408673989e+01 7.682723737972071376e+01 2.033156697809046509e-01
2.029656297716474711e+01 6.937488407206078023e+01 2.066520222201896628e-01
2.057152573944123830e+01 7.774934829016338256e+01 2.074694942800529018e-01
2.086076066545636110e+01 6.915144346549497811e+01 2.088848133686322106e-01
2.126243602156346313e+01 7.503360239850400148e+01 2.103252057711541556e-01
2.142452839316447921e+01 7.706022267631755085e+01 2.123322371629027816e-01
2.116030013985373159e+01 7.218381868953335356e+01 2.137014044274094526e-01
2.153305906340770548e+01 6.989870134353523667e+01 2.148857293024717119e-01
2.133426243516707999e+01 7.188873599010582893e+01 2.168522853170117282e-01
2.166653547169545391e+01 7.337995054751831958e+01 2.179562863776815795e-01
2.180636255715416993e+01 6.902158569677339983e+01 2.183593888493237933e-01
2.142806350877828336e+01 6.827551283625007272e+01 2.199015560271784520e-01
2.197568081851257205e+01 6.661617589737504375e+01 2.229473365298902943e-01
2.186542603289106879e+01 6.537348094371671436e+01 2.233933225075157569e-01
2.175081033881588510e+01 7.113422057959311928e+01 2.246346967101943426e-01
2.191462259061158235e+01 6.828722869086223568e+01 2.274429447318807862e-01
2.242318660768562921e+01 6.460002030014652519e+01 2.276759215978320650e-01
2.166724020912665694e+01 6.442266930828184002e+01 2.295165986249461110e-01
2.249012957983314820e+01 6.839230610973767455e+01 2.310172472034180413e-01
2.212280117032975468e+01 6.694583974972191243e+01 2.333290847878706775e-01
2.195225759181430192e+01 6.819068475168913324e+01 2.334728578561614809e-01
2.244064464939166115e+01 6.932087987788906958e+01 2.359375045560195838e-01
2.208457648462183087e+01 7.043939750950139000e+01 2.378618656271694332e-01
2.239346374321065625e+01 6.803293670065129106e+01 2.386037950457089440e-01
2.236167310095135008e+01 7.092142828044863734e+01 2.398537460888421069e-01
2.274134013921058894e+01 6.289072248171196833e+01 2.420947476561941814e-01
2.268999524143217172e+01 6.342142241762020660e+01 2.444091556172007518e-01
2.313280381679842179e+01 6.593164507200023650e+01 2.443585301777837504e-01
2.319883689785606506e+01 6.823378861599155698e+01 2.470878524646671071e-01
2.281958877627105764e+01 6.846726698306258641e+01 2.471591733820756309e-01
2.341305601522459767e+01 6.124639959670766132e+01 2.502212344817905665e-01
2.336075643577680339e+01 6.354281325045329254e+01 2.501961584139769101e-01
2.356390747302394928e+01 5.985876666895230613e+01 2.531836985096421744e-01
2.302362418059282234e+01 6.731662678516543963e+01 2.539366252319861239e-01
2.296193032450723237e+01 6.026004952131562931e+01 2.547654161698800768e-01
2.386368138619725343e+01 5.902728570645287931e+01 2.579259242850696632e-01
2.378271154272466603e+01 6.112632697212188759e+01 2.576513864877486570e-01
2.342821696222382499e+01 6.014135125510942714e+01 2.607353927293337148e-01
2.334237305353990521e+01 5.830537955601413813e+01 2.617809262113396929e-01
2.412061624830953122e+01 6.096202469945330904e+01 2.637624536722282254e-01
2.392139485244555175e+01 6.573223084632979862e+01 2.636884739702367031e-01
2.420066293153071513e+01 6.004532436630081804e+01 2.661422308030664818e-01
2.412812831719046613e+01 6.090199788004859727e+01 2.682074261831375872e-01
2.377851462157113360e+01 5.834608469439295675e+01 2.697393310860493609e-01
2.438071700171131084e+01 5.845759433291162566e+01 2.697514166632905552e-01
2.424985290503341417e+01 6.282129911633155217e+01 2.729936471968199552e-01
2.430424131826865164e+01 5.651517921826877711e+01 2.746680331462440505e-01
2.413061916485392899e+01 6.422763949649447568e+01 2.743078428059267382e-01
2.492643524261032795e+01 6.016509718253342243e+01 2.768549877321079267e-01
2.471268985276334007e+01 5.583021918795238037e+01 2.773132783583637240e-01
2.481703770689635746e+01 5.717155169349994992e+01 2.788167805819001810e-01
2.436478044529562936e+01 6.199517282060088519e+01 2.816781659008172900e-01
2.509838960021570742e+01 5.939190839672845357e+01 2.832018689518260857e-01
