9.000000000000000222e-01 1.400000000000000000e+02 0.000000000000000000e+00
9.000577864823312568e-01 1.403708467196638878e+02 9.238237593820490761e-07
9.064228735951387339e-01 1.772921017428244568e+02 9.386059660460844797e-05
9.138267018605161773e-01 2.136893118545134200e+02 1.873957341315986150e-04
9.221648549405775386e-01 2.496151550971943038e+02 2.816623953611057394e-04
9.313557673201948717e-01 2.851107812732492448e+02 3.767715276184699391e-04
9.413349748662830363e-01 3.202087125378196220e+02 4.728198445160196437e-04
9.520510656738397914e-01 3.549348861969791074e+02 5.698942109942309190e-04
9.634627733515677139e-01 3.893101211451373160e+02 6.680743139790307639e-04
9.755368564038736645e-01 4.233511877168207320e+02 7.674344200414189628e-04
9.882464947382992859e-01 4.570716166486748762e+02 8.680446369914252090e-04
1.001570089994018531e+00 4.904823043137366199e+02 9.699718176398976557e-04
1.015490332115577043e+00 5.235919836349821708e+02 1.073280260675821881e-03
1.029993480823046870e+00 5.564075865836356343e+02 1.178032249727657037e-03
1.045068787064952875e+00 5.889345360561659390e+02 1.284288495759442362e-03
1.060708039503718281e+00 6.211769746723807657e+02 1.392108489307191093e-03
1.076905198272211095e+00 6.531379495452482615e+02 1.501550794095955592e-03
1.093656097569931207e+00 6.848195623211205429e+02 1.612673293518579899e-03
1.110958202620856650e+00 7.162230917945006468e+02 1.725533399911115956e-03
1.128810409652318603e+00 7.473490948186998821e+02 1.840188234362448265e-03
1.147212878868593133e+00 7.781974905706612162e+02 1.956694783622524216e-03
1.166166899748240837e+00 8.087676285084507981e+02 2.075110034527274938e-03
1.185674773960567974e+00 8.390583474399036277e+02 2.195491096171198545e-03
1.205739717278152323e+00 8.690680250077541587e+02 2.317895308515952307e-03
1.226365776130193597e+00 8.987946197884713229e+02 2.442380339679485132e-03
1.247557762688261018e+00 9.282357040414979110e+02 2.569004270673787803e-03
1.269321190202559402e+00 9.573884963321064561e+02 2.697825679618281406e-03
1.291662226744682007e+00 9.862498848681775598e+02 2.828903712285305190e-03
1.314587650117561068e+00 1.014816450248131900e+03 2.962298151540846639e-03
1.338104810744288775e+00 1.043084484183519635e+03 3.098069481096992275e-03
1.362221601317924469e+00 1.071050004810692144e+03 3.236278944026432531e-03
1.386946427753969813e+00 1.098708771345279274e+03 3.376988600184399180e-03
1.412288185943519014e+00 1.126056295810223673e+03 3.520261379310268748e-03
1.438256243430606096e+00 1.153087852279559911e+03 3.666161130360283578e-03
1.464860425225183338e+00 1.179798484035767615e+03 3.814752667831252352e-03
1.492110987432947233e+00 1.206183016873522774e+03 3.966101827440018934e-03
1.520018617690598983e+00 1.232236058880109340e+03 4.120275501225259714e-03
1.548594416427227616e+00 1.257952009889051851e+03 4.277341687214755196e-03
1.577849889208226219e+00 1.283325065342610060e+03 4.437369530779164579e-03
1.607796942579950539e+00 1.308349218388147165e+03 4.600429363609478094e-03
1.638447871041522230e+00 1.333018266450856117e+03 4.766592749970786913e-03
1.669815358039260733e+00 1.357325810732068931e+03 4.935932521351150265e-03
1.701912467144647723e+00 1.381265260659973137e+03 5.108522819430412303e-03
1.734752639794501006e+00 1.404829835029693868e+03 5.284439133928838656e-03
1.768349693385230292e+00 1.428012562964742756e+03 5.463758340382076674e-03
1.802717816188049049e+00 1.450806286482292762e+03 5.646558740710113343e-03
1.837871568659891208e+00 1.473203659831820005e+03 5.832920098588434410e-03
1.873825879748085343e+00 1.495197151359398049e+03 6.022923679160048852e-03
1.910596047078092941e+00 1.516779043412981082e+03 6.216652285759969102e-03
1.948197736053378204e+00 1.537941432796521440e+03 6.414190297570152716e-03
1.986646978407623276e+00 1.558676231500376844e+03 6.615623707844351872e-03
2.025960175660677987e+00 1.578975164957782681e+03 6.821040158651764038e-03
2.066154099187781146e+00 1.598829772009931276e+03 7.030528978201202629e-03
2.107245883675580966e+00 1.618231408207408322e+03 7.244181222913702832e-03
2.149253032327954394e+00 1.637171243183857769e+03 7.462089711306132793e-03
2.192193419998029302e+00 1.655640259075876884e+03 7.684349059442204671e-03
2.236085291386587404e+00 1.673629251431920920e+03 7.911055719421168642e-03
2.280947256114215893e+00 1.691128831698404611e+03 8.142308018748121989e-03
2.326798296539769773e+00 1.708129423275284353e+03 8.378206194391604397e-03
2.373657766982872896e+00 1.724621261908310998e+03 8.618852430430480951e-03
2.421545390044282264e+00 1.740594397545401762e+03 8.864350895801469468e-03
2.470481256839688999e+00 1.756038694218691262e+03 9.114807781272823289e-03
2.520485830742219768e+00 1.770943828156435984e+03 9.370331335783309984e-03
2.571579945317363336e+00 1.785299288824847736e+03 9.631031903405730399e-03
2.623784798367307936e+00 1.799094381932722854e+03 9.897021958255239685e-03
2.677121955772534534e+00 1.812318227493358336e+03 1.016841614251346414e-02
2.731613350130856155e+00 1.824959760511156901e+03 1.044533130275848189e-02
2.787281275976829065e+00 1.837007733393435501e+03 1.072788652420974403e-02
2.844148383917282086e+00 1.848450718909049101e+03 1.101620316410604865e-02
2.902237683605516150e+00 1.859277108687907003e+03 1.131040489083377266e-02
2.961572538299665158e+00 1.869475115966280782e+03 1.161061771757480703e-02
3.022176653818042791e+00 1.879032781158831312e+03 1.191697003026358399e-02
3.084074077170462669e+00 1.887937972549106689e+03 1.222959262469864965e-02
3.147289192230864341e+00 1.896178388472706047e+03 1.254861874101231671e-02
3.211846709674134548e+00 1.903741562394148104e+03 1.287418409241092472e-02
3.277771650313981322e+00 1.910614871312917330e+03 1.320642688651866084e-02
3.345089346356606708e+00 1.916785535130984726e+03 1.354548786705927349e-02
3.413825428187024169e+00 1.922240623319111137e+03 1.389151033952315539e-02
3.484005811793017049e+00 1.926967061261459548e+03 1.424464019770414237e-02
3.555656671966996640e+00 1.930951643775258617e+03 1.460502593258648611e-02
3.628804434170915805e+00 1.934181039214953444e+03 1.497281866529129486e-02
3.703475758870222734e+00 1.936641797375724991e+03 1.534817217095814368e-02
3.779697518321754046e+00 1.938320361203999482e+03 1.573124289356612679e-02
3.857496772789986927e+00 1.939203078796347882e+03 1.612218995760843210e-02
3.936900744382823891e+00 1.939276216599333566e+03 1.652117517720547157e-02
4.017936790812781211e+00 1.938525972646991704e+03 1.692836307251505829e-02
4.100632373991839330e+00 1.936938492404728549e+03 1.734392087303606236e-02
4.185015024797191785e+00 1.934499886545000209e+03 1.776801851787810846e-02
4.271112296165836320e+00 1.931196254611091035e+03 1.820082863905907525e-02
4.358951731119350193e+00 1.927013701148614928e+03 1.864252656945618314e-02
4.448560815704431626e+00 1.921938359447013227e+03 1.909329032852845678e-02
4.539966928510765776e+00 1.915956417007789241e+03 1.955330060413288870e-02
4.633197266520484803e+00 1.909054152953458015e+03 2.002274070122229271e-02
4.728278790599842907e+00 1.901217965526993567e+03 2.050179651990733515e-02
4.825238167856826799e+00 1.892434401172417438e+03 2.099065653001198906e-02
4.924101692995227708e+00 1.882690194211666267e+03 2.148951171633907767e-02
5.024895194425974765e+00 1.871972314211425328e+03 2.199855550512765795e-02
5.127643918834007941e+00 1.860268024219144081e+03 2.251798366267261306e-02
5.232372471324264751e+00 1.847564910959381223e+03 2.304799426654173186e-02
5.339104694261378903e+00 1.833850945959179626e+03 2.358878759714565926e-02
5.447863545783636852e+00 1.819114546837772650e+03 2.414056602900344073e-02
5.558670921689603972e+00 1.803344667164783914e+03 2.470353384768501914e-02
5.671547534833032422e+00 1.786530857305496284e+03 2.527789714285675476e-02
5.786512751635762619e+00 1.768663346900090801e+03 2.586386364511965644e-02
5.903584404693595467e+00 1.749733139403985888e+03 2.646164253069195268e-02
6.022778594113979089e+00 1.729732112312974550e+03 2.707144421119673725e-02
6.144109475115354435e+00 1.708653124319352401e+03 2.769348010765738943e-02
6.267589017979966037e+00 1.686490136415727875e+03 2.832796238653732465e-02
6.393226681898994457e+00 1.663238376440150205e+03 2.897510358557017773e-02
6.521029165278440232e+00 1.638894465046791993e+03 2.963511633665090808e-02
6.651000086213634255e+00 1.613456576906557757e+03 3.030821299867824184e-02
6.783139594441411901e+00 1.586924636477216154e+03 3.099460519232445990e-02
6.917443952281614905e+00 1.559300529418405176e+03 3.169450329176642933e-02
7.053905145596392146e+00 1.530588298862672218e+03 3.240811597284194018e-02
7.192510389792593273e+00 1.500794394637260211e+03 3.313564960465313625e-02
7.333241531764358889e+00 1.469927974984076400e+03 3.387730749409974262e-02
7.476074486409943987e+00 1.438001190836950855e+03 3.463328918718942134e-02
7.620978587083872213e+00 1.405029513518525619e+03 3.540378964046651811e-02
7.767915877376449174e+00 1.371032092037492703e+03 3.618899827828743476e-02
7.916840320423706778e+00 1.336032151991723140e+03 3.698909797773461405e-02
8.067696921258242782e+00 1.300057438342271553e+03 3.780426387722984893e-02
8.220420736913977677e+00 1.263140714815524916e+03 3.863466199831160075e-02
8.374935881240780589e+00 1.225320265974224412e+03 3.948044790037290308e-02
8.531154391520585634e+00 1.186640469009634899e+03 4.034176496624446162e-02
8.688975006824589897e+00 1.147152410060336479e+03 4.121874257468410852e-02
8.848281837445522768e+00 1.106914555483647291e+03 4.211149414209564706e-02
9.008943018963764260e+00 1.065993430879266270e+03 4.302011474833693921e-02
9.170809225653613339e+00 1.024464371075809368e+03 4.394467861127562824e-02
9.333712178266990733e+00 9.824122729539327565e+02 4.488523629842373908e-02
9.497463139404860755e+00 9.399323545314487092e+02 4.584181160824431917e-02
9.661851337674988827e+00 8.971309499757419417e+02 4.681439810869943152e-02
9.826642800050899851e+00 8.541260986786678586e+02 4.780295528372915242e-02
9.991579052669953498e+00 8.110482007039285008e+02 4.880740443760554770e-02
1.015637633651628136e+01 7.680404124750294841e+02 4.982762419278574662e-02
1.032072530853669790e+01 7.252587975623009697e+02 5.086344568782222991e-02
1.048429145226156756e+01 6.828721195246774869e+02 5.191464753721870135e-02
1.064671646603056487e+01 6.410611415497904773e+02 5.298095065530538522e-02
1.080762091920261803e+01 6.000172863960634686e+02 5.406201312709186385e-02
1.096660845381691551e+01 5.599405166547218187e+02 5.515742535344444336e-02
1.112327191520692793e+01 5.210362418550337225e+02 5.626670589733136912e-02
1.127720154347433201e+01 4.835111858657003268e+02 5.738929844735728841e-02
1.142799539050311175e+01 4.475681315112533412e+02 5.852457055720123452e-02
1.157527181029288244e+01 4.133996191988859437e+02 5.967181488602016359e-02
1.171868361820874149e+01 3.811808035769060439e+02 6.083025379396521382e-02
1.185793304842463058e+01 3.510619075045634645e+02 6.199904811037104668e-02
1.199278630888862196e+01 3.231608790720512729e+02 6.317731072169896489e-02
1.212308630729774883e+01 2.975569713462187451e+02 6.436412532819571486e-02
1.224876178681451933e+01 2.742861334015806278e+02 6.555857006423014555e-02
1.236983159169950675e+01 2.533388583086765777e+02 6.675974487709669669e-02
1.248640311664861713e+01 2.346609654434219010e+02 6.796680067218593968e-02
1.259866487318737072e+01 2.181573507411921753e+02 6.917896746261491259e-02
1.270687390419427665e+01 2.036983360697782075e+02 7.039557852219219258e-02
1.281133960985807896e+01 1.911278290339604666e+02 7.161608736673878706e-02
1.291240578614733359e+01 1.802723845676025860e+02 7.284007609644541081e-02
1.301043291327394158e+01 1.709501404038006172e+02 7.406725406939354550e-02
1.310578223594594682e+01 1.629788485873446007e+02 7.529744802373286583e-02
1.319880273932823478e+01 1.561824461025524045e+02 7.653058568369809633e-02
1.328982148556084475e+01 1.503959300997718458e+02 7.776667555312039015e-02
1.337913729572569999e+01 1.454685453431739859e+02 7.900578564467346243e-02
1.346701740465624120e+01 1.412654718592889367e+02 8.024802334880243304e-02
1.355369649591578352e+01 1.376683117904213418e+02 8.149351805323330755e-02
1.363937752296869554e+01 1.345746751137992590e+02 8.274240714911948458e-02
1.372423371699539096e+01 1.318971666989025664e+02 8.399482563662498402e-02
1.380841129935598666e+01 1.295620178695551772e+02 8.525089899069947241e-02
1.389203252242390008e+01 1.275075523033635818e+02 8.651073877316692307e-02
1.397519876595076305e+01 1.256826239156331440e+02 8.777444038037207630e-02
1.405799351134035113e+01 1.240451163381575981e+02 8.904208235306645958e-02
1.414048508487960021e+01 1.225605589591792324e+02 9.031372675086876689e-02
1.422272911557050179e+01 1.212008869471909094e+02 9.158942019801996626e-02
1.430477068844914790e+01 1.199433549014864298e+02 9.286919530034144776e-02
1.438664619920120558e+01 1.187696011986443239e+02 9.415307222580639179e-02
1.446838492954250199e+01 1.176648532130303835e+02 9.544106030629412318e-02
1.455001037065197877e+01 1.166172596448717371e+02 9.673315956643599445e-02
1.463154132411949604e+01 1.156173350920809213e+02 9.802936213618067274e-02
1.471299281093728695e+01 1.146575014640767023e+02 9.932965351518267816e-02
1.479437681677526939e+01 1.137317119903866427e+02 1.006340136844341149e-01
1.487570289930689427e+01 1.128351448247547353e+02 1.019424180674607106e-01
1.495697868101916939e+01 1.119639544224830559e+02 1.032548383517306878e-01
1.503821024603034218e+01 1.111150713459200148e+02 1.045712431819212779e-01
1.511940245968519925e+01 1.102860410286167223e+02 1.058915987422152233e-01
1.520055922396495873e+01 1.094748949210502218e+02 1.072158692401314478e-01
1.528168368089310114e+01 1.086800478723734784e+02 1.085440173056498731e-01
1.536277837450769645e+01 1.079002164153822463e+02 1.098760043203160369e-01
1.544384537873119356e+01 1.071343542562016040e+02 1.112117906851078086e-01
1.552488639850886720e+01 1.063816012499363097e+02 1.125513360389651524e-01
1.560590284936003869e+01 1.056412432670945094e+02 1.138945994355901742e-01
1.568689591952344564e+01 1.049126808412269583e+02 1.152415394854523767e-01
1.576786661903396158e+01 1.041954044097448815e+02 1.165921144710685420e-01
1.584881581815381146e+01 1.034889749253529772e+02 1.179462824392118331e-01
1.592974427638159796e+01 1.027930092210083473e+02 1.193040012722142579e-01
1.601065266556438971e+01 1.021071683498629881e+02 1.206652287463987339e-01
1.609154158834001791e+01 1.014311482811323231e+02 1.220299225799390125e-01
1.617241159167647524e+01 1.007646730694604713e+02 1.233980404682745030e-01
1.625326317756266903e+01 1.001074894614455104e+02 1.247695401127943554e-01
1.633409681148962278e+01 9.945936261687059243e+01 1.261443792442560885e-01
1.641491292874511743e+01 9.882007293304390316e+01 1.275225156403106130e-01
1.649571193956793635e+01 9.818941344450423969e+01 1.289039071401291425e-01
1.657649423279383072e+01 9.756718798361143286e+01 1.302885116548678779e-01
1.665726017853879171e+01 9.695320982685117883e+01 1.316762871758094811e-01
1.673801013142489325e+01 9.634730006738448083e+01 1.330671917841230734e-01
1.681874443223792781e+01 9.574928677878085637e+01 1.344611836559630180e-01
1.689946340883616571e+01 9.515900455653930123e+01 1.358582210649867672e-01
1.698016737746267424e+01 9.457629385603955541e+01 1.372582623866113460e-01
1.706085664397089019e+01 9.400100037421432830e+01 1.386612661021740800e-01
1.714153150457560315e+01 9.343297467070757989e+01 1.400671908014937961e-01
1.722219224634536516e+01 9.287207191943194573e+01 1.414759951845123986e-01
1.730283914777652043e+01 9.231815161898622080e+01 1.428876380633684606e-01
1.738347247931230655e+01 9.177107733075537510e+01 1.443020783643585714e-01
1.746409250377138278e+01 9.123071646272232726e+01 1.457192751296351729e-01
1.754469947664410512e+01 9.069694012000660166e+01 1.471391875184270559e-01
1.762529364641811469e+01 9.016962294058876637e+01 1.485617748084330780e-01
1.770587525488037173e+01 8.964864294295392710e+01 1.499869963971785514e-01
1.778644453740575671e+01 8.913388138046772724e+01 1.514148118033907808e-01
1.786700172317215518e+01 8.862522263289247348e+01 1.528451806680860281e-01
1.794754703538842122e+01 8.812255409135651973e+01 1.542780627557516493e-01
1.802808069151020831e+01 8.762576604948782233e+01 1.557134179555159093e-01
1.810860290346094459e+01 8.713475159191261810e+01 1.571512062824104439e-01
1.818911387780384814e+01 8.664940650748964401e+01 1.585913878784112607e-01
1.826961381592117561e+01 8.616962919886877614e+01 1.600339230135478519e-01
1.835010291419641248e+01 8.569532059058020934e+01 1.614787720867096321e-01
1.843058136404118130e+01 8.522638411546830639e+01 1.629258956317453655e-01
1.851104935229969328e+01 8.476272551061893523e+01 1.643752543148384593e-01
1.859150706153533861e+01 8.430425267280925539e+01 1.658268089286732971e-01
1.867195467018811073e+01 8.385087557905720246e+01 1.672805203880671221e-01
1.875239235127198256e+01 8.340250694381549579e+01 1.687363497608970753e-01
1.883282027409738646e+01 8.295906134997024139e+01 1.701942582461134779e-01
1.891323860455618444e+01 8.252045510507818449e+01 1.716542071645013878e-01
1.899364750420506454e+01 8.208660670378989721e+01 1.731161579955264040e-01
1.907404713094596715e+01 8.165743648457622328e+01 1.745800723551432232e-01
1.915443763922735698e+01 8.123286652818634934e+01 1.760459119906716274e-01
1.923481917994349644e+01 8.081282070846766885e+01 1.775136387880121847e-01
1.931519190026066823e+01 8.039722478002487094e+01 1.789832147864579281e-01
1.939555594412844286e+01 7.998600612030450918e+01 1.804546021634718667e-01
1.947591145241808164e+01 7.957909365975484661e+01 1.819277632352888918e-01
1.955625856286263087e+01 7.917641791205072366e+01 1.834026604656844861e-01
1.963659740999244008e+01 7.877791100663517909e+01 1.848792564700462715e-01
1.971692812538930184e+01 7.838350656048923781e+01 1.863575140087639359e-01
1.979725083791473494e+01 7.799313956298161088e+01 1.878373959806611260e-01
1.987756567350066916e+01 7.760674648145081278e+01 1.893188654400356219e-01
1.995787275538893368e+01 7.722426514039337064e+01 1.908018855940888658e-01
2.003817220418281408e+01 7.684563469545062731e+01 1.922864197996097813e-01
2.011846413793323762e+01 7.647079558993576143e+01 1.937724315623378657e-01
2.019874867226379678e+01 7.609968949174135844e+01 1.952598845341134981e-01
2.027902592020302919e+01 7.573225937797106155e+01 1.967487425299939419e-01
2.035929599250547639e+01 7.536844937295762747e+01 1.982389695178176925e-01
2.043955899762809736e+01 7.500820476016600935e+01 1.997305296197426638e-01
2.051981504179470051e+01 7.465147194968871247e+01 2.012233871116997641e-01
2.060006422908101342e+01 7.429819843531299739e+01 2.027175064221297951e-01
2.068030666133259743e+01 7.394833283596312867e+01 2.042128521446872624e-01
2.076054243839826086e+01 7.360182477790547750e+01 2.057093890299694083e-01
2.084077165811126520e+01 7.325862490426818852e+01 2.072070819872739167e-01
2.092099441632999302e+01 7.291868485449127490e+01 2.087058960853368506e-01
2.100121080703656418e+01 7.258195721459956928e+01 2.102057965492034886e-01
2.108142092229905273e+01 7.224839553624497057e+01 2.117067487699913486e-01
2.116162485240548108e+01 7.191795426912388223e+01 2.132087183012103260e-01
2.124182268586503497e+01 7.159058876034922037e+01 2.147116708591061962e-01
2.132201450944976528e+01 7.126625523342427471e+01 2.162155723231971582e-01
2.140220040825307990e+01 7.094491075872419117e+01 2.177203887360227574e-01
2.148238046572697257e+01 7.062651323471617104e+01 2.192260863068079546e-01
2.156255476376433577e+01 7.031102134644012835e+01 2.207326314080910457e-01
2.164272338266608386e+01 6.999839458208234078e+01 2.222399905806065612e-01
2.172288640119829850e+01 6.968859320415292302e+01 2.237481305319671820e-01
2.180304389663444198e+01 6.938157822819044895e+01 2.252570181378581449e-01
2.188319594482093677e+01 6.907731138967437801e+01 2.267666204422870702e-01
2.196334262019144035e+01 6.877575513682988628e+01 2.282769046578406180e-01
2.204348399578726259e+01 6.847687262031084288e+01 2.297878381664894831e-01
2.212362014330100024e+01 6.818062767120100887e+01 2.312993885191244881e-01
2.220375113310328530e+01 6.788698478751956600e+01 2.328115234388348775e-01
2.228387703430008671e+01 6.759590910530606322e+01 2.343242108189637074e-01
2.236399791472721077e+01 6.730736640139573979e+01 2.358374187252568199e-01
2.244411384098744122e+01 6.702132307468190220e+01 2.373511153952193864e-01
2.252422487847794130e+01 6.673774613229728914e+01 2.388652692398974264e-01
2.260433109144203456e+01 6.645660316348224228e+01 2.403798488434222280e-01
2.268443254297657319e+01 6.617786233588242339e+01 2.418948229635490832e-01
2.276452929505231637e+01 6.590149238524006137e+01 2.434101605321009332e-01
2.284462140854337875e+01 6.562746260056826486e+01 2.449258306553474263e-01
2.292470894326034170e+01 6.535574280743207964e+01 2.464418026155698604e-01
2.300479195797479193e+01 6.508630335556304658e+01 2.479580458701795831e-01
2.308487051042952487e+01 6.481911511372165080e+01 2.494745300525579856e-01
2.316494465736618480e+01 6.455414945574790409e+01 2.509912249718364019e-01
2.324501445454757587e+01 6.429137824930732847e+01 2.525081006152893881e-01
2.332507995679068458e+01 6.403077383923182708e+01 2.540251271467348082e-01
2.340514121797157898e+01 6.377230904504124709e+01 2.555422749075451638e-01
2.348519829104986201e+01 6.351595714861799280e+01 2.570595144162596823e-01
2.356525122808593409e+01 6.326169188549099687e+01 2.585768163710815415e-01
2.364530008027518448e+01 6.300948742758671273e+01 2.600941516480849702e-01
2.372534489795099333e+01 6.275931838171346300e+01 2.616114913022496991e-01
2.380538573060572460e+01 6.251115977897323717e+01 2.631288065671292253e-01
2.388542262690697981e+01 6.226498706656292370e+01 2.646460688569417519e-01
2.396545563472794527e+01 6.202077609245754530e+01 2.661632497650496809e-01
2.404548480115076714e+01 6.177850310371888298e+01 2.676803210648205367e-01
2.412551017248509666e+01 6.153814473712222366e+01 2.691972547092907342e-01
2.420553179428317492e+01 6.129967801156740137e+01 2.707140228330867648e-01
2.428554971136587071e+01 6.106308031491683863e+01 2.722305977510204866e-01
2.436556396782674838e+01 6.082832940197817351e+01 2.737469519587958922e-01
2.444557460704865548e+01 6.059540338609912880e+01 2.752630581327153436e-01
2.452558167171845227e+01 6.036428073175864029e+01 2.767788891313857635e-01
2.460558520384845593e+01 6.013494024374605118e+01 2.782944179943429019e-01
2.468558524478095961e+01 5.990736106487166523e+01 2.798096179427159713e-01
2.476558183520322842e+01 5.968152266841167375e+01 2.813244623790676635e-01
2.484557501516297151e+01 5.945740485029190836e+01 2.828389248885990193e-01
