1.331164553576607901e+00 1.526511901652285701e+02 -5.363120263965007054e-04
5.510412943573788080e-01 1.548004376628008458e+02 3.461591763902295343e-04
1.220901779860840808e+00 1.918351984561193433e+02 1.073275700340731642e-03
1.139608354373501831e+00 2.252825062122163615e+02 9.738132649352994157e-04
5.911399304229608687e-01 2.610586305642685829e+02 7.510841212155770254e-04
1.087887767743849210e+00 2.993841327905223011e+02 -5.536536823957921962e-05
7.499774584575907843e-01 3.292621257047330801e+02 1.183191203453315713e-03
9.158571461483272502e-01 3.633361834757363340e+02 -4.196554212822119212e-04
5.971533537722701901e-01 4.030578720850010654e+02 1.568688983155697419e-03
8.049085339881865142e-01 4.366190089653411519e+02 5.773104069358725183e-04
6.832146744149544260e-01 4.661574404326543686e+02 1.485723405136744023e-03
1.182431900507692646e+00 4.998015239052775200e+02 8.594945389393955333e-04
8.817884251279715091e-01 5.309616012119723791e+02 2.756322429212312462e-04
6.975979453602192404e-01 5.686934279426527610e+02 1.583333996675052088e-03
7.509792352267491422e-01 5.990003040691818796e+02 1.060745867507084054e-03
9.935202677405944316e-01 6.274421561010348114e+02 9.019901159237914828e-04
6.164693525854104683e-01 6.580569147342332599e+02 1.365648011190604989e-03
1.569919639322999938e+00 6.969100862424976413e+02 1.752103558474328712e-03
8.417620441257128716e-01 7.262336132044974875e+02 1.873098622063221804e-03
8.470676640143945946e-01 7.607449464688573926e+02 1.174444517696401338e-03
1.596795652861676906e+00 7.911889699190156762e+02 1.866740994395220659e-03
7.534729002693680844e-01 8.146156313509904976e+02 2.203912452351305430e-03
1.296698434355321172e+00 8.522845196280633218e+02 3.099966969426975333e-03
1.269821595655461266e+00 8.743057184593674265e+02 2.969476385478943443e-03
1.298084633936113175e+00 9.039606967173619978e+02 2.970340426959054182e-03
9.988119499679278812e-01 9.315259589866245733e+02 2.119232906592506335e-03
1.173402649277410781e+00 9.625920916876503952e+02 2.592610812272583363e-03
1.220512502463803717e+00 9.982848493027898940e+02 3.386469899473862170e-03
1.433897282040710763e+00 1.024527855826390351e+03 2.425603873811553197e-03
1.487194413712272567e+00 1.046728475170581987e+03 2.558922377434175860e-03
1.442488126645189883e+00 1.079945299146441130e+03 3.322751447089215132e-03
1.211158485346212732e+00 1.105213233382413591e+03 3.409414504068244978e-03
1.525988581303576286e+00 1.130907212854301406e+03 4.325414634984074518e-03
1.103136957222349279e+00 1.164240564828300876e+03 3.153254309194998030e-03
1.162783370102548730e+00 1.188734764959006952e+03 4.329607820389471708e-03
1.115834344664549560e+00 1.217882695591828451e+03 2.995720736180244696e-03
1.503210554332985449e+00 1.241516207440895187e+03 4.968895794055584389e-03
2.045140962208309876e+00 1.269676512844805529e+03 4.172222936759351249e-03
1.386862969513294797e+00 1.287701275551896742e+03 3.597611816376625714e-03
1.918493997170446441e+00 1.318016867573168156e+03 4.903262189170165021e-03
1.366404204260543764e+00 1.338670722544885166e+03 4.882711838475948911e-03
2.030113781201722034e+00 1.366814757189340753e+03 5.162099320743694479e-03
1.887289493231862458e+00 1.385089388150166087e+03 4.316840991214198134e-03
2.238193843084230750e+00 1.414850552900282310e+03 6.201207140154132470e-03
1.591378433874764742e+00 1.439475498511358865e+03 4.763652474330803098e-03
1.742927062596600463e+00 1.458249488286175847e+03 6.645616531005276231e-03
1.667524177933603191e+00 1.484571318912971265e+03 6.793272070011377277e-03
1.587581320522184924e+00 1.503825127632623207e+03 6.781168439230650727e-03
2.243080105840925320e+00 1.521485323912550257e+03 5.818804434219506175e-03
1.855562797563156119e+00 1.547916961806703966e+03 5.433283496083770106e-03
1.506634256105833458e+00 1.564817848060938104e+03 6.998243700497299401e-03
2.387637378983870740e+00 1.589495145057853506e+03 7.190684273124926459e-03
1.848422091182719829e+00 1.603597206883099034e+03 7.801300484652521836e-03
2.065532257607275657e+00 1.623733122664447365e+03 6.331136147874386576e-03
2.051339957354326060e+00 1.639645254123152654e+03 7.579215261915556341e-03
1.929844876107057461e+00 1.657356970044244235e+03 7.533435152173187897e-03
2.217943466840868627e+00 1.675686906604587193e+03 8.415318916185755491e-03
2.061687275652152707e+00 1.695283352210445173e+03 8.915726462920062212e-03
2.348319551720993825e+00 1.716206095393950136e+03 7.977214625314438950e-03
2.471418916955967937e+00 1.731568831085890679e+03 7.890979339722745817e-03
2.533312736576543323e+00 1.744122198553823864e+03 8.710724247310562204e-03
2.424309595599585698e+00 1.763420909273388816e+03 9.787654362927181162e-03
2.930385750921157495e+00 1.771366278935022137e+03 8.945618517027313990e-03
2.543855565014060183e+00 1.793184954593594966e+03 1.029082609671881990e-02
2.484283729722279066e+00 1.804698656101257257e+03 1.033565338585763944e-02
2.772758806125770636e+00 1.820260582505232833e+03 9.227981636120352257e-03
2.342640047886086929e+00 1.828487235431002773e+03 9.785532660298393651e-03
3.106731242292028128e+00 1.840451311526811651e+03 1.124186696335800241e-02
2.666517692980375998e+00 1.851691803045571987e+03 1.145968134179521994e-02
2.750599365078399750e+00 1.860185750800151482e+03 1.194392054250745933e-02
2.637305700908814110e+00 1.876775580588347339e+03 1.141327518846435400e-02
2.984572969047983637e+00 1.886471488751243442e+03 1.272184246590508765e-02
3.329555904771502206e+00 1.890825900530164745e+03 1.201213708059267055e-02
2.672623762449559681e+00 1.896195160422065328e+03 1.259395839806793684e-02
3.366211662275941929e+00 1.910328201199938576e+03 1.351011637664598607e-02
3.706094335351671543e+00 1.910105216534301917e+03 1.274388551092461679e-02
3.326449300031322664e+00 1.917729507440031284e+03 1.262586437773219675e-02
3.009357606564370791e+00 1.930063222423949128e+03 1.391269677042940994e-02
3.057591708075995118e+00 1.928042875962913286e+03 1.432795809708958291e-02
3.607293909453573644e+00 1.937942880786214346e+03 1.462364697388650499e-02
3.653477241304754486e+00 1.932509907407598575e+03 1.492197491127169803e-02
4.190751902476475443e+00 1.941289752146814180e+03 1.472704427223406679e-02
4.187593387841292980e+00 1.944839634589211300e+03 1.643320789913628802e-02
3.919063596722705434e+00 1.945734174677186957e+03 1.573850981648622013e-02
4.101271100481284293e+00 1.938784805721592420e+03 1.747872505928117076e-02
3.614782829197028313e+00 1.938624885342151629e+03 1.636446255594332586e-02
4.278664825286642603e+00 1.940071465538980874e+03 1.774559167132121196e-02
3.721941352218854249e+00 1.934377497933973700e+03 1.854313022468419628e-02
4.013613918450761986e+00 1.936123303178538663e+03 1.832775027649858474e-02
4.079055136421113836e+00 1.927069272807542347e+03 1.825662505939238192e-02
4.673421999987334985e+00 1.921305643801321366e+03 1.828029191567855788e-02
4.938322318750259399e+00 1.912837524034260014e+03 1.991655692328311161e-02
4.348836045107786319e+00 1.905646867317928809e+03 2.035144062838935286e-02
4.471831889317048336e+00 1.897425501129956729e+03 1.972696592923658954e-02
4.671500906109880447e+00 1.897192908205078993e+03 2.093610239642831883e-02
5.266102068955485827e+00 1.881408652700192306e+03 2.234330011039840566e-02
5.188999945288554017e+00 1.874133834805707011e+03 2.221581416888485788e-02
5.565108457903090056e+00 1.862653975072147887e+03 2.276815026650153007e-02
5.229473243935984783e+00 1.850367404341393240e+03 2.326863571475624656e-02
5.093463225759395030e+00 1.828827376340610499e+03 2.374727563439521516e-02
5.546544947446209406e+00 1.819170328634864291e+03 2.372032572955588836e-02
5.634968431531099498e+00 1.797429947173430492e+03 2.409387020064384863e-02
5.610343670271788596e+00 1.787453307818988606e+03 2.580189737844990408e-02
5.744901684747292236e+00 1.762516549111523545e+03 2.645449654139780601e-02
5.905901949110914373e+00 1.743446710167183483e+03 2.659915016891688591e-02
6.005207141011362104e+00 1.729700125474182187e+03 2.621362552623416123e-02
5.987097246800324513e+00 1.709237115883033994e+03 2.706695736993229226e-02
6.555826995980224225e+00 1.683118129375523495e+03 2.861355203531972674e-02
6.024080648307587715e+00 1.657094085360688041e+03 2.913800266171213613e-02
6.822216701033530839e+00 1.640196353006058871e+03 2.988460338115711198e-02
6.648968119582127301e+00 1.611015341445038530e+03 3.024178170652811956e-02
7.118676407736113987e+00 1.586843569547874495e+03 3.180503268734104216e-02
6.510194481490418461e+00 1.553484182940422670e+03 3.200313734547872990e-02
6.664080809575619213e+00 1.526406779571799916e+03 3.234123778143694478e-02
7.540259947666299034e+00 1.501373379158742864e+03 3.306696500467445204e-02
7.420965332205407883e+00 1.461520663418605864e+03 3.355309852184820696e-02
7.015505301893338874e+00 1.435626121196537042e+03 3.396799699152862340e-02
7.475379118733756378e+00 1.401818445390874103e+03 3.540111488236693388e-02
8.255449836245167816e+00 1.368207506190032518e+03 3.654042895116838691e-02
7.583069983158037708e+00 1.328223022752790257e+03 3.673498810136024972e-02
8.130010571571784084e+00 1.289847042031622550e+03 3.753718077066545145e-02
8.592237555368020807e+00 1.261064793246940326e+03 3.919411249177744833e-02
8.685894553482814473e+00 1.218988800987292052e+03 3.990293624918174464e-02
8.820921828059649528e+00 1.178785369867805457e+03 4.079072594464826229e-02
8.473412817057486279e+00 1.144671823466159140e+03 4.218261687623885148e-02
8.717060094183418428e+00 1.101677708361712348e+03 4.251605933562228185e-02
8.897380703934080870e+00 1.056329206322774098e+03 4.228672046057382894e-02
9.537065105856788350e+00 1.015375102125035028e+03 4.444540460462357429e-02
9.164059901458163182e+00 9.792008154489623166e+02 4.597730377657263667e-02
9.445037486315317921e+00 9.286682662178092187e+02 4.603419667514470348e-02
1.013271512638371696e+01 8.914087624187914116e+02 4.786882668031352400e-02
1.007735804694717352e+01 8.458182794920935521e+02 4.827636880229906058e-02
1.050966046577832458e+01 8.054347910802980550e+02 4.871997924811022340e-02
1.054117753572918126e+01 7.581334011915830615e+02 5.049870234759620824e-02
1.073412987962838194e+01 7.218573901806425965e+02 5.191048453411276076e-02
1.051542537530503196e+01 6.734285950645460161e+02 5.186741368427882914e-02
1.110408919066691347e+01 6.320443100426132332e+02 5.286518072092910581e-02
1.107162739142415298e+01 5.915131995653879358e+02 5.405367547640453629e-02
1.097332080888320860e+01 5.576810708449127105e+02 5.633227924825288946e-02
1.068236872871198884e+01 5.168528702526758707e+02 5.560528255522999286e-02
1.136607081261890428e+01 4.810319062813422306e+02 5.660392066882594109e-02
1.138162445575374448e+01 4.463296814664237218e+02 5.847604558189809648e-02
1.120282724800013163e+01 4.063826954536137350e+02 6.006545127988133920e-02
1.206370293269154459e+01 3.759651586502647547e+02 6.157003294195803611e-02
1.195225158440523394e+01 3.486593088937648872e+02 6.156114615343079299e-02
1.169205678626821943e+01 3.230480934470498369e+02 6.408744856138121060e-02
1.224077450430201530e+01 2.931199857343764279e+02 6.472906314753196222e-02
1.197211366826597967e+01 2.694039190628766960e+02 6.511445095080664602e-02
1.220257734184106013e+01 2.486158330562445258e+02 6.625711781776787157e-02
1.206782458230572175e+01 2.305129675201640396e+02 6.879686050170460976e-02
1.247491675582898907e+01 2.106164420920999873e+02 6.891582895028575129e-02
1.273744821363064261e+01 1.967315532288108102e+02 7.057044915845249455e-02
1.258802746633045366e+01 1.895770525931472150e+02 7.239352768563357687e-02
1.278599342191019872e+01 1.747188155557343805e+02 7.270513908079474785e-02
1.282988444347530255e+01 1.696007816371816830e+02 7.410061667314522815e-02
1.318831157307533175e+01 1.574472751355792184e+02 7.649094855190903541e-02
1.331817130618040856e+01 1.504017474401865115e+02 7.667069231934278695e-02
1.326605086199380068e+01 1.509124731181713344e+02 7.773300167925481508e-02
1.370921592764590358e+01 1.478551508065449696e+02 7.872454437705718455e-02
1.382746055681336905e+01 1.396644909852182650e+02 8.077187248765446692e-02
1.375965367748061396e+01 1.368385270987466527e+02 8.126274266568599136e-02
1.374455115759910839e+01 1.388028567861989302e+02 8.255215337239570073e-02
1.412021367076876111e+01 1.334811146653392768e+02 8.441566432454783442e-02
1.411780602073334556e+01 1.337163748808358719e+02 8.479616727412606081e-02
1.367060932125209227e+01 1.267979683058293432e+02 8.698415392972597138e-02
1.428076122531232350e+01 1.231934664052899109e+02 8.823170796796499238e-02
1.419329169800566959e+01 1.255080595075591248e+02 8.946697365966006787e-02
1.436755788800318889e+01 1.175158522904633571e+02 9.144268253403850522e-02
1.461578248509026956e+01 1.228015825553430034e+02 9.215874039874939749e-02
1.450257970147437803e+01 1.203698242024715483e+02 9.217484280959656329e-02
1.428914843288612069e+01 1.139091899857968144e+02 9.440572443506139999e-02
1.480165327947007547e+01 1.195896058750863915e+02 9.599248420858698394e-02
1.460314715261942808e+01 1.183575538741380058e+02 9.739042470709100008e-02
1.418488421133363708e+01 1.105298747113450446e+02 9.739798091607362873e-02
1.470550495928735657e+01 1.182729721689047722e+02 1.001745465216176689e-01
1.451813549209958509e+01 1.126656248176673785e+02 1.011871776790041338e-01
1.470681069463014623e+01 1.101725732229980395e+02 1.023439489455032075e-01
1.457325515126483850e+01 1.073869157955169840e+02 1.035473965549130043e-01
1.486183257646142231e+01 1.152028370326108018e+02 1.040193639309000551e-01
1.560314648658108894e+01 1.123403897492240446e+02 1.067588630707458214e-01
1.507911850204251536e+01 1.138646302293639678e+02 1.081955221997644850e-01
1.565554317117635819e+01 1.091319421818477338e+02 1.095602304024990148e-01
1.560129734978195160e+01 1.034874904917387113e+02 1.108944042307678512e-01
1.505980235689724367e+01 1.106103159247399077e+02 1.121975331766831147e-01
1.536709176229688900e+01 1.077588048475519429e+02 1.137754624424644062e-01
1.557962579600761366e+01 1.062956342032646120e+02 1.145546334858473514e-01
1.588992289536750668e+01 1.074334809889044777e+02 1.158479980613968396e-01
1.582433003872349886e+01 1.072470526480302198e+02 1.159989433494178768e-01
1.566692340933487770e+01 1.027520679567462025e+02 1.177708519126390158e-01
1.577712508634968280e+01 9.818323449800733727e+01 1.200543834777645646e-01
1.562933216116270430e+01 9.711452732564455914e+01 1.199727483279492274e-01
1.640830982872721577e+01 1.016495343301009626e+02 1.217340365458934315e-01
1.638783871377728829e+01 1.018080113505056090e+02 1.240080035964956501e-01
1.674870563402497226e+01 9.721167693431158341e+01 1.245460877952086487e-01
1.676130184937017376e+01 1.039626331919840112e+02 1.270045004879052364e-01
1.660064202929125088e+01 1.030772172409349707e+02 1.272068253359494305e-01
1.610146533222454224e+01 9.840920694926893475e+01 1.290923819815645301e-01
1.624752097135939621e+01 1.021736853800264981e+02 1.296157329236120592e-01
1.680070571109904876e+01 9.475327413203741855e+01 1.318864882592342969e-01
1.689984926830468126e+01 9.121022258743798261e+01 1.326607700213316143e-01
1.699779155474906389e+01 9.881937094439012981e+01 1.346437965856971397e-01
1.654326925916044999e+01 9.556390280600034259e+01 1.359510404741708645e-01
1.653986619233739219e+01 9.855513561747180518e+01 1.376945794680816404e-01
1.757048722133023233e+01 9.004924480055186109e+01 1.381830204472722090e-01
1.682946905806991822e+01 9.271977011785379830e+01 1.406167024097381146e-01
1.709266927636326727e+01 9.580676462568041529e+01 1.423858526606346930e-01
1.692925931379926752e+01 9.520351517032483457e+01 1.440490064330150755e-01
1.705020879118592703e+01 9.509590436358271859e+01 1.451962539510145145e-01
1.720426347873486961e+01 9.394676441615192175e+01 1.464213404080576819e-01
1.800772132021407756e+01 9.106522259023743970e+01 1.474159967177380293e-01
1.757219237114546573e+01 9.296005641906755557e+01 1.493659877055003027e-01
1.811369491082354699e+01 8.727046575960218888e+01 1.508185651560470519e-01
1.823257532009184700e+01 8.450257257024283319e+01 1.527020635577124030e-01
1.751659390839588326e+01 8.465818105393087478e+01 1.527512844599664410e-01
1.787469073424898625e+01 8.576635815263568929e+01 1.547242466785035964e-01
1.811078763641866729e+01 9.149657019028252591e+01 1.558640275929133456e-01
1.838126083743110328e+01 8.631837549046602476e+01 1.566271579749087262e-01
1.814564758871226502e+01 8.922535793167395468e+01 1.591313261265850654e-01
1.846439989400496628e+01 9.098056097971300460e+01 1.608968924501217312e-01
1.790469217863415707e+01 8.376804324613583219e+01 1.618256821993987737e-01
1.824919625756501773e+01 8.401450312104066143e+01 1.627505404813144596e-01
1.877347587887513569e+01 8.816855068257747519e+01 1.649672091036121224e-01
1.841030824806388466e+01 8.753988370732011504e+01 1.662505353709434475e-01
1.840655423661006296e+01 8.128005939882838504e+01 1.683403015234511690e-01
1.924395283609570839e+01 7.899517830037612498e+01 1.685690920976332663e-01
1.926038653425218072e+01 7.790849551933963824e+01 1.712400717386765303e-01
1.880211335458338340e+01 8.694050938077035084e+01 1.726486184178430694e-01
1.895287958971004016e+01 8.236625305729980084e+01 1.741287502166261880e-01
1.871379354220085034e+01 7.934220268504610374e+01 1.756391094001386044e-01
1.898065743552553997e+01 8.077469888223602368e+01 1.753910203018577973e-01
1.966746213454500136e+01 7.896628052374471451e+01 1.775470624507786144e-01
1.922188842565253708e+01 8.321039082629312134e+01 1.796463298411124510e-01
1.956312989367772204e+01 7.722757838578996825e+01 1.808689072468924741e-01
1.998209908685842251e+01 7.559446617078914699e+01 1.821764896937351497e-01
1.938222317884791579e+01 7.863495906676196512e+01 1.841459040954558368e-01
2.009590306447845265e+01 8.115509763285143663e+01 1.845528727132699498e-01
1.942577381621864063e+01 8.114706262530017966e+01 1.859404611965921883e-01
1.942270132288426154e+01 8.212458250022569928e+01 1.874835677787071997e-01
1.960247350896129603e+01 8.081066037976610517e+01 1.903246659077535985e-01
1.971860422966015491e+01 7.770486297842994361e+01 1.917630986786066638e-01
1.981380358269878528e+01 7.987247808052120490e+01 1.930037323394550308e-01
1.975628776500208161e+01 7.350470088848035743e+01 1.944282965141602981e-01
2.000761652422491466e+01 7.205500003936020903e+01 1.961689074989099169e-01
2.034630041785786503e+01 7.948973396864471397e+01 1.970388851382103013e-01
2.076626387509591254e+01 7.510809445958754793e+01 1.983999449453432151e-01
2.046122648700683655e+01 7.185592888570246828e+01 1.998701525360296882e-01
2.034272774957770480e+01 7.729224546072430257e+01 2.020558276239720341e-01
2.095828686574567001e+01 7.096219398573076376e+01 2.022910198460639575e-01
2.094218802100402499e+01 7.786331282288674061e+01 2.052544108821879598e-01
2.113165292901924985e+01 6.916368949973707458e+01 2.069189891945354687e-01
2.096555043795590478e+01 7.202631702382412016e+01 2.066848698112146998e-01
2.133654134366149790e+01 6.821404420186327400e+01 2.094674992237095801e-01
2.108865586473081777e+01 7.250581488208557346e+01 2.111862579682090291e-01
2.061612426065587300e+01 7.002782878482391027e+01 2.115433471130619691e-01
2.074144895717983417e+01 6.958353811934607336e+01 2.130511788491110392e-01
2.100872340255230242e+01 7.009744015066377187e+01 2.145141369895081362e-01
2.107042519153657167e+01 6.875862965088946055e+01 2.174439213348313138e-01
2.145611339784950289e+01 6.763086838946036039e+01 2.170364040890031543e-01
2.127202813438570317e+01 6.569237041978402658e+01 2.185963422792902289e-01
2.176213792279553161e+01 6.679182251606579257e+01 2.210281533379774566e-01
2.197930149448158232e+01 6.723622346489042911e+01 2.231056245017360162e-01
2.209863440823435710e+01 7.026603684186714815e+01 2.249382460043799770e-01
2.225947107510128831e+01 6.676453402062608689e+01 2.246979748619280237e-01
2.163801926070090431e+01 7.087567753655146419e+01 2.277800936433818091e-01
2.199052447087239059e+01 6.904791668726576859e+01 2.286485221572448212e-01
2.244932921203262666e+01 6.591636268150243438e+01 2.301788938895868997e-01
2.169640376789020308e+01 6.955918971314171984e+01 2.322870820836300532e-01
2.182890187646844282e+01 7.071785805390166502e+01 2.326146015322410610e-01
2.213291623094603366e+01 6.628850839278703688e+01 2.341247850527928276e-01
2.190952210008820700e+01 6.404219584877195359e+01 2.370306082692678618e-01
2.224063750423149699e+01 6.486413503604337905e+01 2.376469866176192380e-01
2.226307666324605350e+01 6.711438662091519802e+01 2.390605709896395648e-01
2.303344128646493161e+01 6.418702676684749520e+01 2.398768546535461621e-01
2.227564763720308960e+01 6.160574083086680730e+01 2.415791330062634912e-01
2.239132536670657458e+01 6.295547805093185900e+01 2.442765210428896328e-01
2.246182928402427592e+01 6.321364197403695329e+01 2.457747156163272439e-01
2.326987146257642536e+01 6.907054931557752298e+01 2.465316873243982576e-01
2.275810176481243374e+01 6.253212237426217257e+01 2.483113076197342728e-01
2.358230622503159069e+01 6.583011003894365842e+01 2.505044755176268345e-01
2.366694947335815158e+01 6.674377655429080392e+01 2.503853154149757732e-01
2.320034033535760187e+01 6.339984678183293454e+01 2.536590348215161939e-01
2.330375563999183086e+01 6.492622844680957428e+01 2.544995515630017469e-01
2.351487193209827709e+01 6.736649357281444850e+01 2.561083940268651937e-01
2.379230766242970319e+01 6.276470830776924004e+01 2.568992068412655483e-01
2.381501524287691041e+01 6.092794403777069334e+01 2.583050220597743474e-01
2.391408178828236686e+01 6.171106681878362110e+01 2.601229377452058955e-01
2.343893582286244026e+01 5.833443687131185129e+01 2.622741537383558308e-01
2.384512820381634768e+01 6.534006674513116764e+01 2.637678395663216602e-01
2.420754699130921139e+01 5.991519792089366092e+01 2.654915813940793567e-01
2.414931013883044031e+01 5.906536281597669813e+01 2.667815077077503316e-01
2.408836832790520788e+01 5.789731896753681184e+01 2.672536949534222162e-01
2.390702074967173374e+01 5.975809427133360430e+01 2.695796116856959412e-01
2.423646548612007834e+01 6.411938932890079457e+01 2.715997100540918363e-01
2.399269689306385089e+01 5.899167225873856779e+01 2.719089578838147503e-01
2.411299060435341701e+01 6.294235033580545746e+01 2.732333949924197203e-01
2.483997801668695260e+01 6.477191796702433635e+01 2.763577456916644359e-01
2.478330094287549556e+01 5.813884994058263089e+01 2.776873733827017743e-01
2.424685235972887654e+01 5.917103480093056334e+01 2.789885002739073694e-01
2.505557237103086621e+01 5.914620504798499923e+01 2.798642628468749338e-01
2.440062145768758484e+01 5.968046510866120968e+01 2.824478259644380151e-01
2.465965377947012982e+01 5.737389548713663601e+01 2.835169635089266338e-01
