1.484122774161906744e+00 1.481511544821624398e+02 1.659583189269015022e-04
9.500526435534534242e-01 1.468933005912775229e+02 -2.235749229370329353e-04
6.575910653647540904e-01 1.837346175843641447e+02 2.509114379389735616e-05
9.920658727962544665e-01 2.243295889071442843e+02 3.463574426141545200e-04
7.732479266211409463e-01 2.560229822991489073e+02 5.745826201420216328e-04
1.483355559015661296e+00 2.975928774324387405e+02 -2.907722711597993809e-04
1.421713203501183020e+00 3.301922292113884509e+02 3.080881000907666027e-04
1.529296987514121797e+00 3.614868478111962986e+02 1.117265048097253709e-03
1.147133095534273561e+00 3.924943974680655856e+02 6.408621453272959510e-04
1.249716791622828005e+00 4.233827750004004429e+02 4.412825812094545684e-04
8.068359563813607416e-01 4.632211105739303321e+02 1.874348018145016162e-03
1.419029185244949698e+00 4.931161331095045171e+02 1.801315560327896876e-03
7.680556013693106143e-01 5.297332495855087018e+02 1.553171927192227401e-03
1.304357571864667609e+00 5.579327090970798508e+02 1.386516417260100784e-03
1.104198116467702606e+00 5.899674125787709045e+02 1.885233855843840506e-03
7.114008409873334715e-01 6.219837408242269703e+02 2.349454468211130409e-03
8.006368589628112264e-01 6.569423603147835138e+02 2.296679185111389580e-03
1.613049540359417833e+00 6.784460587593418950e+02 2.223722360025533716e-03
1.604009537052887735e+00 7.163921786693304057e+02 1.015452817617971612e-03
1.309561949915274637e+00 7.412306641270420187e+02 1.314197085215718401e-03
1.128839462740904409e+00 7.703577473084388885e+02 1.551669061412568919e-03
1.333392934600847735e+00 8.061561476394356305e+02 2.611342641704043205e-03
1.240931783259181520e+00 8.289140336709804160e+02 2.053331056079471615e-03
1.295672964804266414e+00 8.602893752266758156e+02 3.442586046567360294e-03
1.721001460516356829e+00 8.855591976650079005e+02 2.941379695718101227e-03
1.450121007885144753e+00 9.135420969294376619e+02 3.060723583879662504e-03
1.830638689414591846e+00 9.487134773393836440e+02 2.187762441384018958e-03
1.215158159033938201e+00 9.724868743440509888e+02 3.187886471498231102e-03
1.439034808786064268e+00 9.988008534414344695e+02 3.152412919388300570e-03
1.606629819079955279e+00 1.024057054557877564e+03 2.548854464337199904e-03
1.130992267621250491e+00 1.057070803855549457e+03 4.585992569437103913e-03
1.484540098857066504e+00 1.078604754629842319e+03 4.320055188724683179e-03
2.041983452976325886e+00 1.105179010870532238e+03 4.006027472493149319e-03
1.343118487480135403e+00 1.133950004141007412e+03 3.465132671711956564e-03
1.160238233019946330e+00 1.161483766151133977e+03 4.671422659326161103e-03
1.190144941045448101e+00 1.181480666177994863e+03 4.467507409807063186e-03
2.183262714354332168e+00 1.203304917958987062e+03 5.336605106070256219e-03
1.745439908017329067e+00 1.230859143156258369e+03 5.697798224068363268e-03
1.762911707089676927e+00 1.256146501138340682e+03 5.245110446312062705e-03
1.414511166353752625e+00 1.280439281635431598e+03 5.316093617629068582e-03
2.074268231322449196e+00 1.305887541376504714e+03 5.484950903682886923e-03
1.590215553700239370e+00 1.328157284885043964e+03 6.064805400306847935e-03
1.435643571260423190e+00 1.350516741410490795e+03 4.920851211654032366e-03
1.794650332474633014e+00 1.369784487483570501e+03 6.165640984206733483e-03
1.887581634879757386e+00 1.389895322281480730e+03 6.709506101643262013e-03
1.846182826284961553e+00 1.407863123379936496e+03 6.057546659123502764e-03
2.100117252463273410e+00 1.428912561717676454e+03 5.583934419742597917e-03
2.238884692087303119e+00 1.451634131573014656e+03 5.715634865896055197e-03
1.639783047813318184e+00 1.472793076481326807e+03 6.053846031122266970e-03
2.191206233253364388e+00 1.486569403782512609e+03 6.521627832179559964e-03
1.760436709645249787e+00 1.510615834619179850e+03 7.953579084934965862e-03
1.817312539022622575e+00 1.529148055844681949e+03 8.138537356476965509e-03
2.528577528628976001e+00 1.541378774810259983e+03 6.961735312396489898e-03
2.477337019499998405e+00 1.559065205658135483e+03 8.201166302993717974e-03
2.316242968824747894e+00 1.577975167212024417e+03 8.258657162846022234e-03
2.575236138163035982e+00 1.600123911643944666e+03 9.043577593220480243e-03
2.379762406349716475e+00 1.609179104414853327e+03 9.309165283670255142e-03
2.901208595288366610e+00 1.622542183129997056e+03 1.001136068742588051e-02
2.867517144018785658e+00 1.637318102585315501e+03 9.214835286371748577e-03
2.992277191667624070e+00 1.658796785514870862e+03 1.007234455646493880e-02
2.540523069278473045e+00 1.668459042572379531e+03 1.000417220010699042e-02
2.678270989847760575e+00 1.682837350331825519e+03 9.487554932934618920e-03
2.450942186488807462e+00 1.698973838241215617e+03 9.429020285659530515e-03
3.143137019848398772e+00 1.705037607281789406e+03 1.115769985034396720e-02
2.946542925318505812e+00 1.715937092348603755e+03 1.116541390415864629e-02
2.697524445510472546e+00 1.730137100286654459e+03 1.195057003001734688e-02
3.477694620134816450e+00 1.742508043431566421e+03 1.102206023437373762e-02
3.528915732224848778e+00 1.744787808036499882e+03 1.110525917721907375e-02
2.724102835056414484e+00 1.756037932403515470e+03 1.224490116141161572e-02
3.404215143623771755e+00 1.763705699675735559e+03 1.241564601077159956e-02
3.766368532913692668e+00 1.773134680802313824e+03 1.377951479395271052e-02
2.882616556594958190e+00 1.772861555282458539e+03 1.301200946900818445e-02
3.472777626078845437e+00 1.784340170738627194e+03 1.270169789232259046e-02
3.582120805102753547e+00 1.784882766138370698e+03 1.437727228254662148e-02
3.817970783248176847e+00 1.795214498512028285e+03 1.475201034710908569e-02
3.231759717625239059e+00 1.798303064094932097e+03 1.514748115478298761e-02
3.969736912410475327e+00 1.797009799152982168e+03 1.458543498664329266e-02
3.928997283431522103e+00 1.800337132443098199e+03 1.521809673016934379e-02
4.073126998093822948e+00 1.802256439319872698e+03 1.549068221456056244e-02
4.186970358889832156e+00 1.808345804365445019e+03 1.634950038587982754e-02
4.442036091946726550e+00 1.805567998541636143e+03 1.637079883028056543e-02
3.831753599030079727e+00 1.807676818629697891e+03 1.675228240302401722e-02
4.390199263356600490e+00 1.805651554579215372e+03 1.761905143866508705e-02
4.502851857886605913e+00 1.801033750622358866e+03 1.821000750681395566e-02
4.586903422258204799e+00 1.797610641746921601e+03 1.876417551535438863e-02
4.226307715365912543e+00 1.792516837119422689e+03 1.853328670209294926e-02
4.797184303434443464e+00 1.782549717969132871e+03 2.002702736895993138e-02
5.063463633918387607e+00 1.782238075065408339e+03 1.880404074780395868e-02
5.130289805770453349e+00 1.773328651326359022e+03 2.013350887205473880e-02
4.860679769409691708e+00 1.763607896021017041e+03 2.075052755727282289e-02
5.095332167361854125e+00 1.754745025622906269e+03 2.183721646118404885e-02
4.866026514156815530e+00 1.746399927216296874e+03 2.149135326398109169e-02
5.179975100027398582e+00 1.733170900311548849e+03 2.234473771097383182e-02
4.962559055984599787e+00 1.726595412040368274e+03 2.334162447814214225e-02
5.293526593694396709e+00 1.706944456592210827e+03 2.381645482733469807e-02
5.440910211556076348e+00 1.692829954619749060e+03 2.395025031670210830e-02
5.358055336245874933e+00 1.680395583151648680e+03 2.466609498325105995e-02
5.302953301156707155e+00 1.663461430111800382e+03 2.576313034218322487e-02
5.626405509148912465e+00 1.654386549801811043e+03 2.573298364197885990e-02
5.834997726986184574e+00 1.637299336888179596e+03 2.583565845966972335e-02
5.878376547217209591e+00 1.615954738041703877e+03 2.715764638379566248e-02
5.627525524249859856e+00 1.591984727679441676e+03 2.726096141610895307e-02
5.992026013964564690e+00 1.575517857325903378e+03 2.718153969082730964e-02
6.290843686702589643e+00 1.551910242851630528e+03 2.873928415511105977e-02
6.833677971976689136e+00 1.524073062378459326e+03 3.017687173493246652e-02
6.819161429464781321e+00 1.504788447898070899e+03 2.945375692326252307e-02
7.201253193033602784e+00 1.479879190820796566e+03 3.052856222874589937e-02
6.514105721648022929e+00 1.458066512276001276e+03 3.190105131338023120e-02
7.226259742380461759e+00 1.423359048507447824e+03 3.126872166432131256e-02
6.904935686781117354e+00 1.400805200851774316e+03 3.315593162828552043e-02
6.978851946429139197e+00 1.371691978849836914e+03 3.349463248625224321e-02
7.004740264466007282e+00 1.334770484611137817e+03 3.436865686976520173e-02
7.945701566144588668e+00 1.306091917630678381e+03 3.540060798674535270e-02
7.809530769977932607e+00 1.273254594622502736e+03 3.548907140294111501e-02
7.583769698003231419e+00 1.243436213620076842e+03 3.561922679373880768e-02
8.003183788476974314e+00 1.212487704552551122e+03 3.815576142379511343e-02
8.386748498008383734e+00 1.177360151297461243e+03 3.750466076456855646e-02
8.244251486731009493e+00 1.137217815323439027e+03 3.856354754433286014e-02
8.601294336327651280e+00 1.106820386688010103e+03 4.046628971334090275e-02
8.996854521992883491e+00 1.063322416368301901e+03 4.065094471712830948e-02
8.859195503436756880e+00 1.027399785244696886e+03 4.154080074612850199e-02
8.757515783638396556e+00 9.954605398272974526e+02 4.170670371761694278e-02
9.334150699095834725e+00 9.539554779647575060e+02 4.329578419198043537e-02
9.666366416533429984e+00 9.138487992105235662e+02 4.470158115742446647e-02
9.285736676815885104e+00 8.705543887688794484e+02 4.559315239865692482e-02
9.272033219804916016e+00 8.334270220925807280e+02 4.620629536514461039e-02
9.671364183498576850e+00 7.948988189305488277e+02 4.688512893487516153e-02
9.814214925771009845e+00 7.517325549265192421e+02 4.892514648223333235e-02
9.535489253381554065e+00 7.150910295831073427e+02 4.928211351033748300e-02
9.939365671100063082e+00 6.780355170804774616e+02 5.064414313445248644e-02
1.014633101437114604e+01 6.329980752972327309e+02 5.208858908141845295e-02
1.042694812177960628e+01 5.932912395600185391e+02 5.195419022970308720e-02
1.022379452926139010e+01 5.569132647495713400e+02 5.301338767084479153e-02
1.077902199023589880e+01 5.256997261413417846e+02 5.428589049365824953e-02
1.139319171243253415e+01 4.887468254938929135e+02 5.513167199419585079e-02
1.086022066354199289e+01 4.532863507073640221e+02 5.723339720334599118e-02
1.141036879446834895e+01 4.254747323792610700e+02 5.813024578699130945e-02
1.180484683616422537e+01 3.869487975339331456e+02 5.972784574145906245e-02
1.133282892946842857e+01 3.654414089195735187e+02 6.007695803302848248e-02
1.206326371845328005e+01 3.367470967678512466e+02 6.201412013457403838e-02
1.195372489667204263e+01 3.097274665878749147e+02 6.247459015659054954e-02
1.191911046078756797e+01 2.870816642820468019e+02 6.405902928550780140e-02
1.220584222872772884e+01 2.650303821868767500e+02 6.398063658750602345e-02
1.255469629060013048e+01 2.517774689367934116e+02 6.527227837030401270e-02
1.174752031533996366e+01 2.267871677429620263e+02 6.714638098608166628e-02
1.195167820612853937e+01 2.172668316739978991e+02 6.784552567034299320e-02
1.255308901359839169e+01 2.048354654333317342e+02 6.933858364823275444e-02
1.262537828146790275e+01 1.942518247326766812e+02 7.084182675069411461e-02
1.231526175180344218e+01 1.776276384654518665e+02 7.173999406634272435e-02
1.283225583628725275e+01 1.745006387563417718e+02 7.328210588696258687e-02
1.256143852763822899e+01 1.652127229076526760e+02 7.317041322280194715e-02
1.282551394974469083e+01 1.631330078129345225e+02 7.516704068527228777e-02
1.283457414920764350e+01 1.564423906155647330e+02 7.668648525720273001e-02
1.270882368435426990e+01 1.526570196712004872e+02 7.860470606953530448e-02
1.300832567899454695e+01 1.476178219039713326e+02 7.800720389837949298e-02
1.277198497544272549e+01 1.449136499101659581e+02 8.062826285358735967e-02
1.296937848461967846e+01 1.368016776729382116e+02 8.196397226953422432e-02
1.346860906625303045e+01 1.329578804156359979e+02 8.285501095971171959e-02
1.302893420222086363e+01 1.359792643837495802e+02 8.366303590050191974e-02
1.319648637134560687e+01 1.282305187169983469e+02 8.549811786723286733e-02
1.351516163155413075e+01 1.265171499251774065e+02 8.586095455556010114e-02
1.386047776971780365e+01 1.288378580254797612e+02 8.793164108161896642e-02
1.366439867968948541e+01 1.225252468470444143e+02 8.849947829120895226e-02
1.388724749750537768e+01 1.272712809065024118e+02 8.958651433558739718e-02
1.391547108952792478e+01 1.232380481836784725e+02 9.105319430534705716e-02
1.395209414361628752e+01 1.221857841220901122e+02 9.172631239354576971e-02
1.426644373285202327e+01 1.252504284671709200e+02 9.308812597400224764e-02
1.393599786335125046e+01 1.239183751431899623e+02 9.453374064463783422e-02
1.422552789931499362e+01 1.177378069958454176e+02 9.591853422079975322e-02
1.449658199406870551e+01 1.169360820925031561e+02 9.734125492532999524e-02
1.433869048327944817e+01 1.179056037252495770e+02 9.830650155618288200e-02
1.507363925229808643e+01 1.139493947041903255e+02 9.924862691279276450e-02
1.497162842576516262e+01 1.195956384917512167e+02 1.011705775198157853e-01
1.481766220167962267e+01 1.121783891156560884e+02 1.032250006705911216e-01
1.440172690191131721e+01 1.163901965208886651e+02 1.031681309573461020e-01
1.526428134841246198e+01 1.144033229211266303e+02 1.056714954001717055e-01
1.531989166612564368e+01 1.161069783335553751e+02 1.075119278153684743e-01
1.482474741351349934e+01 1.096990744798892621e+02 1.083437470092990795e-01
1.495272376634063249e+01 1.093762677286369325e+02 1.097044609855577224e-01
1.503861314779840086e+01 1.091297739475585757e+02 1.114349834806838691e-01
1.537592327693640648e+01 1.071528693707944910e+02 1.115303597974231786e-01
1.499502366159829592e+01 1.062886064463663018e+02 1.126143788925170336e-01
1.543248243881206427e+01 1.088150686994336951e+02 1.156599802312724135e-01
1.587363619704927942e+01 1.040498562294311569e+02 1.163900706377734434e-01
1.519699952394650033e+01 1.099712338506872982e+02 1.168914328220519439e-01
1.596558455837438650e+01 1.008940368792361681e+02 1.194209106492216121e-01
1.546046031895222228e+01 1.061561892783119418e+02 1.195911243355512743e-01
1.561375201928824552e+01 1.053145554876667944e+02 1.210045170892149052e-01
1.613369915891546214e+01 1.022089561539405622e+02 1.235451319707573381e-01
1.581961543169603246e+01 1.005815496884447953e+02 1.244280603622797549e-01
1.662272651524110145e+01 9.680055806679172292e+01 1.257859798527930506e-01
1.655282754040873883e+01 1.051627319756645988e+02 1.270819171029522188e-01
1.676684300703975339e+01 1.035929253152964691e+02 1.284220199249931638e-01
1.642348915513951724e+01 1.030485297838906007e+02 1.285923408391059231e-01
1.633789952718046479e+01 9.740132221203492691e+01 1.315761188477631571e-01
1.647510994292836273e+01 9.856784115494915000e+01 1.328999923392868987e-01
1.669065118664409653e+01 9.266440591523098647e+01 1.329096787947847136e-01
1.718848406500228165e+01 9.301367013447217857e+01 1.349726649594200634e-01
1.647613233164878821e+01 9.331617644865372085e+01 1.371812549353827182e-01
1.712424065941910456e+01 9.959703735138845104e+01 1.376455917157312636e-01
1.670272007078846954e+01 9.583354968150823083e+01 1.388717352275758987e-01
1.661840337108097998e+01 9.101656747890322663e+01 1.412405491918420908e-01
1.713937154622040282e+01 9.563627129221448797e+01 1.412163606329814858e-01
1.689752058335730567e+01 8.837618355851472529e+01 1.439278088327117788e-01
1.697951229477754254e+01 9.680063307437491460e+01 1.447777227217637297e-01
1.766202889769355977e+01 9.209526848588230052e+01 1.469437365082602587e-01
1.776175759512005214e+01 8.785823279238427119e+01 1.483411536900902661e-01
1.789647852980087350e+01 8.878718235804169012e+01 1.498390356794681022e-01
1.805720743085092295e+01 9.334116272752706323e+01 1.507677306902542869e-01
1.753078133727537491e+01 8.493187616572333809e+01 1.517429417049800389e-01
1.807224819576998698e+01 8.769119606507312881e+01 1.525385054818816366e-01
1.757831559293653001e+01 9.018278681874433289e+01 1.539147866589846148e-01
1.755582656915209228e+01 9.272192210118927846e+01 1.555805311125518509e-01
1.807125773495591048e+01 8.700111979153516018e+01 1.575160028850989824e-01
1.778886372290443418e+01 8.936613408925744295e+01 1.591395082587940546e-01
1.774158266130330475e+01 8.321717858829845227e+01 1.612954064039878177e-01
1.833835998275744572e+01 9.013115738988693693e+01 1.615604883879854792e-01
1.826644477857106352e+01 9.003162858687377934e+01 1.624064150513396809e-01
1.810604612607273722e+01 8.762198431412824107e+01 1.646140685544291715e-01
1.860290466244717322e+01 8.185414890351650286e+01 1.656188470871795271e-01
1.829678454247092390e+01 8.885957424782952785e+01 1.676257152967413067e-01
1.820644988493029715e+01 8.529036289571710938e+01 1.681635046797331778e-01
1.857078211146237479e+01 8.502536267147135618e+01 1.704011177400553967e-01
1.876455792859326976e+01 8.208190147817035154e+01 1.728448767791593010e-01
1.876107128727162987e+01 7.974887643200602838e+01 1.735637472685706562e-01
1.864568316540536230e+01 8.248213749968491015e+01 1.739282318808720584e-01
1.893403597676081418e+01 8.247159588942005826e+01 1.764216965661793146e-01
1.914380182158878796e+01 8.369669252516209212e+01 1.785225974332271259e-01
1.903359953295933593e+01 8.540622713610895289e+01 1.782670529696878392e-01
1.950089040531213769e+01 8.267442451150451177e+01 1.816363774439858914e-01
1.977299464258287287e+01 8.352174524226003882e+01 1.811936460698143625e-01
1.974950794596301407e+01 8.004275767154064170e+01 1.846097162089380406e-01
1.959893508764541892e+01 8.290671947066493885e+01 1.850665146024399466e-01
2.004697941056969768e+01 8.130137782155830450e+01 1.871459906720321920e-01
1.920280791046991098e+01 8.335330638489389798e+01 1.874518786609269128e-01
1.956081768830718204e+01 7.570981262436562531e+01 1.895100755895539890e-01
2.003666608899954582e+01 7.980008884383933321e+01 1.905874520467908673e-01
2.028349558669344788e+01 7.986236454388870243e+01 1.920497403524494551e-01
1.978555094924715263e+01 7.301419857802385138e+01 1.933017944835293267e-01
2.049364904739165638e+01 7.973915485180064877e+01 1.958862241529549519e-01
2.006771188998365929e+01 8.103591847927292235e+01 1.968165855661908326e-01
2.020674703081888879e+01 7.615165238669229097e+01 1.975818849145841716e-01
2.038936695595635484e+01 7.074670362137185009e+01 1.997765154290652712e-01
2.011027922769716980e+01 7.907333575341895937e+01 2.012473570159075131e-01
2.096141311090525861e+01 7.460023025647794270e+01 2.028435701695994187e-01
2.049466883502626402e+01 7.574871501549023378e+01 2.042115359478792469e-01
2.036098931730639805e+01 7.413170833648283065e+01 2.056032249722541672e-01
2.040637324075148840e+01 7.497782091903597745e+01 2.067749439734524186e-01
2.066503694865455998e+01 6.878967600429807305e+01 2.080427294969403873e-01
2.068580126341814562e+01 7.159960548702372307e+01 2.094291117387104550e-01
2.117313569768971959e+01 7.585060864327576269e+01 2.109737024508355485e-01
2.092539817870509467e+01 7.240786109266738890e+01 2.125614615097353721e-01
2.145099809359521004e+01 7.496983302720174436e+01 2.148585213408801264e-01
2.144869897246914547e+01 7.063438130620052391e+01 2.158874433640808888e-01
2.122973049602255102e+01 7.629725793534412048e+01 2.170709148313490489e-01
2.116256816276484543e+01 6.950557117696135379e+01 2.188459568245250397e-01
2.186892289370461029e+01 7.339835074285910821e+01 2.209381483674968949e-01
2.137691652100857453e+01 7.271791179240551628e+01 2.217496366633453231e-01
2.125536463417652300e+01 6.562671931758607968e+01 2.243272021278667205e-01
2.165761667062770002e+01 7.300856995646643099e+01 2.248097654484799146e-01
2.207426669437128908e+01 6.679798338482559927e+01 2.260213914816369130e-01
2.211454843566382067e+01 6.805603099247221621e+01 2.279979437478896198e-01
2.188865834999787907e+01 6.653195423870664627e+01 2.287914439435555503e-01
2.212809021131507237e+01 6.731856868090535784e+01 2.307628319984615650e-01
2.219496005093652968e+01 7.242464400269517455e+01 2.321649772333358452e-01
2.260439573083590759e+01 7.213733417257849112e+01 2.348815781569639216e-01
2.181352390577555767e+01 6.758694155973034867e+01 2.354939410981879422e-01
2.244470259219965769e+01 6.605491812681781028e+01 2.379388319398728635e-01
2.282268416972799230e+01 7.142041667901717972e+01 2.380696755549753518e-01
2.254693824759597476e+01 6.421793700576124309e+01 2.393773688764673224e-01
2.293627984915706008e+01 6.679469997266653536e+01 2.423358944890943445e-01
2.246312936800777038e+01 6.941108661067640639e+01 2.427856440841088537e-01
2.308871316187835276e+01 6.443803907804247899e+01 2.445645151988686816e-01
2.234666648739288419e+01 6.565760286724366779e+01 2.471292722389268615e-01
2.287974670085062101e+01 6.819340725188787644e+01 2.486804789897876511e-01
2.325045672755172887e+01 6.421188585482055089e+01 2.497436392661081250e-01
2.276869642203027766e+01 6.479580031267852291e+01 2.508283408286424154e-01
2.268171170734351350e+01 6.371614929886282397e+01 2.517724276272946260e-01
2.311083566215252816e+01 6.808175936831221975e+01 2.544383269966036254e-01
2.376888634454563132e+01 6.744246145649525204e+01 2.552339902790722870e-01
2.304461146285456152e+01 6.748976679573873128e+01 2.562601010423377623e-01
2.373126542596755684e+01 6.516773562327352920e+01 2.587770394340927482e-01
2.398879289292909434e+01 6.450265487569464540e+01 2.599699533654932782e-01
2.375716384286123883e+01 6.688025676879402681e+01 2.604151795876068487e-01
2.326069095795282138e+01 6.261765358149828842e+01 2.635016225314539828e-01
2.370735742310708716e+01 5.927018603538178354e+01 2.638917925069610426e-01
2.396827368629847044e+01 6.560320586756631656e+01 2.663611262623475917e-01
2.386240139597645182e+01 6.674671544326821504e+01 2.671722872198077914e-01
2.384644091829754586e+01 6.533330527246047836e+01 2.694721707791146170e-01
2.413695268655402870e+01 6.203479738453669512e+01 2.707108798588571674e-01
2.444170923263077455e+01 6.179749700644851629e+01 2.710803321216773698e-01
2.450047088917180460e+01 6.075931679798070206e+01 2.732640151566847475e-01
2.436046135403130819e+01 5.654417251201712702e+01 2.757021879177379842e-01
2.436566921776382344e+01 6.531848356565285485e+01 2.760275219385184275e-01
2.489816140428346003e+01 5.896618299067267088e+01 2.779917486272011629e-01
2.484479607978486371e+01 5.915540411571090829e+01 2.798575359757504155e-01
2.482560903239088645e+01 6.378762146617711437e+01 2.805533454237132962e-01
2.468681560047714996e+01 6.355602415679118877e+01 2.821937273521469280e-01
2.436820395371898229e+01 5.974436639753704981e+01 2.840261646588890798e-01
2.450745439480848731e+01 5.876784757103291668e+01 2.860029257218246190e-01
2.477445033450009149e+01 5.479293107863782808e+01 2.872463634084722606e-01
