1.000000000000000000e+00 1.500000000000000000e+02 0.000000000000000000e+00
1.000067520545424582e+00 1.503659358848332772e+02 1.026473091324588685e-06
1.007445268084870449e+00 1.867763037227546192e+02 1.043102023098618384e-04
1.015930868659740582e+00 2.226277597043045091e+02 2.082920743599945656e-04
1.025416886816974182e+00 2.579745050155519266e+02 3.131127485038446190e-04
1.035819158613352053e+00 2.928590003658513297e+02 4.188906558858764223e-04
1.047071013597843825e+00 3.273148809977470819e+02 5.257296944709221286e-04
1.059119185321792500e+00 3.613690198345868794e+02 6.337235866682499946e-04
1.071920861545287096e+00 3.950430156514058240e+02 7.429585883759490337e-04
1.085441527806085160e+00 4.283542809944050305e+02 8.535152900688918690e-04
1.099653327326507668e+00 4.613168696079236497e+02 9.654699255345865205e-04
1.114533832034543925e+00 4.939420964542913453e+02 1.078895313550088308e-03
1.130065083866109488e+00 5.262390213768383092e+02 1.193861590738272589e-03
1.146232853273882135e+00 5.582148231821889794e+02 1.310436778886251829e-03
1.163026042734955912e+00 5.898751005706491242e+02 1.428687249612222050e-03
1.180436217022242218e+00 6.212241091142848290e+02 1.548678096559453956e-03
1.198457222934856903e+00 6.522649531029427408e+02 1.670473445957245534e-03
1.217084880205781650e+00 6.829997414813331034e+02 1.794136717601175091e-03
1.236316728374727392e+00 7.134297155516718476e+02 1.919730846707636863e-03
1.256151818060915248e+00 7.435553542765619568e+02 2.047318474793516797e-03
1.276590536655933805e+00 7.733764622169470613e+02 2.176962116211098638e-03
1.297634465298926232e+00 8.028922416881295021e+02 2.308724302417681021e-03
1.319286260310425396e+00 8.321013525763999041e+02 2.442667709001439952e-03
1.341549544561677187e+00 8.610019671432153245e+02 2.578855275152670302e-03
1.364428824569440701e+00 8.895918118508706129e+02 2.717350304007162213e-03
1.387929418523215164e+00 9.178682036727632294e+02 2.858216555085401050e-03
1.412057389506879979e+00 9.458280837830765222e+02 3.001518333010552188e-03
1.436819496494494031e+00 9.734680422793970820e+02 3.147320562644899313e-03
1.462223145184609718e+00 1.000784342986805768e+03 3.295688863881834300e-03
1.488276350076449761e+00 1.027772942590444245e+03 3.446689618348876619e-03
1.514987700682326910e+00 1.054429507681351197e+03 3.600390032580501418e-03
1.542366331054807471e+00 1.080749430130006658e+03 3.756858198557463512e-03
1.570421895007550805e+00 1.106727839587419567e+03 3.916163149844203301e-03
1.599164544279547906e+00 1.132359614501268879e+03 4.078374915321125380e-03
1.628604915215887239e+00 1.157639388835457567e+03 4.243564566462004056e-03
1.658754100208422289e+00 1.182561566478295390e+03 4.411804276284405149e-03
1.689623644656434109e+00 1.207120322775845352e+03 4.583167358481289762e-03
1.721225530600074327e+00 1.231309612788850700e+03 4.757728316605902216e-03
1.753572163854867139e+00 1.255123177783379560e+03 4.935562890527729792e-03
1.786676371386195727e+00 1.278554546555395973e+03 5.116748095250370047e-03
1.820551386003769867e+00 1.301597043152401739e+03 5.301362269793545579e-03
1.855210845668832542e+00 1.324243787222949777e+03 5.489485114023160382e-03
1.890668784705252348e+00 1.346487698450647940e+03 5.681197732070122214e-03
1.926939628759011924e+00 1.368321499097097785e+03 5.876582672828994762e-03
1.964038192870350086e+00 1.389737714974499795e+03 6.075723968052271044e-03
2.001979674404363418e+00 1.410728679012162047e+03 6.278707174438431272e-03
2.040779653099642488e+00 1.431286531231965682e+03 6.485619410087477624e-03
2.080454086321689378e+00 1.451403221143015116e+03 6.696549394554152795e-03
2.121019307186368774e+00 1.471070508688356085e+03 6.911587486755637819e-03
2.162492022838060191e+00 1.490279965113649723e+03 7.130825722538152063e-03
2.204889310541120917e+00 1.509022974939027335e+03 7.354357853523720186e-03
2.248228619941752715e+00 1.527290734817980592e+03 7.582279382173749173e-03
2.292527771550533888e+00 1.545074254302922554e+03 7.814687598888063122e-03
2.337804948174746489e+00 1.562364360167579434e+03 8.051681622547414430e-03
2.384078697026150273e+00 1.579151695343618030e+03 8.293362435305906208e-03
2.431367932005105370e+00 1.595426717768307071e+03 8.539832917112412727e-03
2.479691929274917328e+00 1.611179702617258499e+03 8.791197882834011351e-03
2.529070318872458145e+00 1.626400746536871111e+03 9.047564119045897399e-03
2.579523090793041984e+00 1.641079764574508545e+03 9.309040418281599658e-03
2.631070591449257812e+00 1.655206491965019268e+03 9.575737614512375845e-03
2.683733515918026225e+00 1.668770488042097668e+03 9.847768617267676008e-03
2.737532905115947379e+00 1.681761137663318323e+03 1.012524844609714175e-02
2.792490146782312888e+00 1.694167650714208548e+03 1.040829426532188622e-02
2.848626969098879247e+00 1.705979065327072703e+03 1.069702541687465869e-02
2.905965429078606999e+00 1.717184253738871803e+03 1.099156344887353143e-02
2.964527914004709608e+00 1.727771921565225512e+03 1.129203215196521171e-02
3.024337135027127310e+00 1.737730611030987575e+03 1.159855759067982169e-02
3.085416115403556869e+00 1.747048706902650792e+03 1.191126812988657288e-02
3.147788179672511788e+00 1.755714441950535047e+03 1.223029446180788973e-02
3.211476952053072154e+00 1.763715897756114146e+03 1.255576964114196031e-02
3.276506343686428124e+00 1.771041011148658072e+03 1.288782910999861780e-02
3.342900531319978885e+00 1.777677584959103569e+03 1.322661071282684939e-02
3.410683952671586638e+00 1.783613290358788845e+03 1.357225472983106772e-02
3.479881293055290037e+00 1.788835673606782393e+03 1.392490390076863045e-02
3.550517463984338651e+00 1.793332166844649691e+03 1.428470343917186830e-02
3.622617577024279001e+00 1.797090101287571542e+03 1.465180104072912916e-02
3.696206937181987673e+00 1.800096710559579606e+03 1.502634691593600184e-02
3.771311016848761355e+00 1.802339143839264352e+03 1.540849379892120750e-02
3.847955427004918771e+00 1.803804480387055037e+03 1.579839695242327494e-02
3.926165880068733571e+00 1.804479748287932580e+03 1.619621416184003834e-02
4.005968172245683689e+00 1.804351933356233076e+03 1.660210575626695773e-02
4.087388144863995265e+00 1.803407998641867152e+03 1.701623460148259451e-02
4.170451645946217312e+00 1.801634903817457598e+03 1.743876609261656163e-02
4.255184487501361801e+00 1.799019626724459386e+03 1.786986813957830433e-02
4.341612401820482248e+00 1.795549185422034952e+03 1.830971115752107886e-02
4.429760991464849695e+00 1.791210663418022705e+03 1.875846804461705347e-02
4.519655672318640072e+00 1.785991238398857604e+03 1.921631415139842675e-02
4.611321605347315611e+00 1.779878216657462644e+03 1.968342723434206298e-02
4.704783641153698959e+00 1.772859061064714297e+03 2.015998742981323782e-02
4.800066245706450019e+00 1.764921428539423232e+03 2.064617720095289141e-02
4.897193416698191193e+00 1.756053212245661825e+03 2.114218127213797135e-02
4.996188577108400253e+00 1.746242595290283361e+03 2.164818653162045581e-02
5.097074502736417934e+00 1.735478087282520391e+03 2.216438198386083691e-02
5.199873212716807025e+00 1.723748579568985633e+03 2.269095864964740944e-02
5.304605848182842642e+00 1.711043406447942971e+03 2.322810945092488449e-02
5.411292513745137533e+00 1.697352425143337086e+03 2.377602904588490412e-02
5.519952174699548131e+00 1.682666067663408967e+03 2.433491373921968515e-02
5.630602498192911476e+00 1.666975420932578345e+03 2.490496131715536424e-02
5.743259680029687786e+00 1.650272314167496916e+03 2.548637086301960147e-02
5.857938217646927903e+00 1.632549433411171094e+03 2.607934249894219847e-02
5.974650738665519434e+00 1.613800408028863785e+03 2.668407720503767830e-02
6.093407768924069323e+00 1.594019927734997282e+03 2.730077655544570561e-02
6.214217477452680605e+00 1.573203871253884699e+03 2.792964241982982473e-02
6.337085408619667959e+00 1.551349441451711527e+03 2.857087665118411904e-02
6.462014190479672848e+00 1.528455312474911125e+03 2.922468074069536209e-02
6.589003180190794673e+00 1.504521808637222193e+03 2.989125538275511779e-02
6.718048079810817974e+00 1.479551098250492487e+03 3.057079999955454944e-02
6.849140581884168633e+00 1.453547372426059383e+03 3.126351230991401137e-02
6.982267911389633319e+00 1.426517076162124567e+03 3.196958774517588697e-02
7.117412308531728016e+00 1.398469169275509557e+03 3.268921876160323786e-02
7.254550540716676821e+00 1.369415372609774067e+03 3.342259423306806476e-02
7.393653318762062554e+00 1.339370462557448946e+03 3.416989867777978779e-02
7.534684610943089389e+00 1.308352617123693108e+03 3.493131129575489935e-02
7.677600979536609138e+00 1.276383750639834034e+03 3.570700509166980369e-02
7.822350834325235702e+00 1.243489890370544117e+03 3.649714585465250322e-02
7.968873579844690802e+00 1.209701606727551052e+03 3.730189086372336787e-02
8.117098712942608429e+00 1.175054468551223863e+03 3.812138755445456523e-02
8.266944873565718055e+00 1.139589521988436218e+03 3.895577219419778942e-02
8.418318802201550710e+00 1.103353816463231624e+03 3.980516819693415143e-02
8.571114266497339429e+00 1.066400946197577241e+03 4.066968415248143481e-02
8.725210844652197650e+00 1.028791663990023153e+03 4.154941195753191624e-02
8.880472757039470366e+00 9.905944706622158265e+02 4.244442456974540506e-02
9.036747689513749293e+00 9.518862087005145440e+02 4.335477358632198325e-02
9.193865525215532131e+00 9.127527020605360804e+02 4.428048651940876684e-02
9.351637180616682699e+00 8.732893433822280258e+02 4.522156375037104936e-02
9.509853492210716297e+00 8.336016556546099991e+02 4.617797533424485013e-02
9.668284539595511262e+00 7.938056337205521231e+02 4.714965757875050345e-02
9.826678955539309257e+00 7.540280923484787081e+02 4.813650922694345802e-02
9.984763686078569123e+00 7.144067872629943849e+02 4.913838742283340583e-02
1.014224463594541703e+01 6.750900895267409396e+02 5.015510367248887658e-02
1.029880778976501432e+01 6.362364198963248327e+02 5.118641959281654968e-02
1.045412133452246728e+01 5.980131780377627138e+02 5.223204273736014452e-02
1.060783921099224969e+01 5.605949508303286848e+02 5.329162277466829856e-02
1.075960583854937269e+01 5.241611286993331760e+02 5.436474813797128464e-02
1.090906256014061881e+01 4.888926541281222171e+02 5.545094360900422459e-02
1.105585571363545405e+01 4.549679496615502785e+02 5.654966924450549604e-02
1.119964629466468331e+01 4.225580430038758664e+02 5.766032118834654718e-02
1.134012091058185767e+01 3.918210407452345976e+02 5.878223497406764170e-02
1.147700348647453339e+01 3.628962226789524266e+02 5.991469186837646704e-02
1.161006695062678773e+01 3.358981464857122319e+02 6.105692878415104607e-02
1.173914384243450648e+01 3.109112960402903809e+02 6.220815202803403610e-02
1.186413468899133505e+01 2.879858554239434056e+02 6.336755478805042308e-02
1.198501308637379381e+01 2.671351454160633239e+02 6.453433774480342444e-02
1.210182668286960173e+01 2.483351274554985935e+02 6.570773161905490989e-02
1.221469371226471168e+01 2.315261525972374272e+02 6.688701987445344610e-02
1.232379532631315300e+01 2.166168297813690913e+02 6.807155945714021827e-02
1.242936452501037969e+01 2.034896105101908006e+02 6.926079742271942785e-02
1.253167288242250699e+01 1.920074856673435875e+02 7.045428170717600580e-02
1.263101646498268593e+01 1.820210897373047203e+02 7.165166503187116176e-02
1.272770226320385945e+01 1.733755460062937459e+02 7.285270193384711657e-02
1.282203618587779559e+01 1.659165234888654084e+02 7.405723985436439560e-02
1.291431328069436368e+01 1.594951706254781527e+02 7.526520588743799978e-02
1.300481047008799074e+01 1.539717800479660070e+02 7.647659112976049056e-02
1.309378175196120075e+01 1.492182098145024156e+02 7.769143444027540313e-02
1.318145558201232781e+01 1.451192040252819595e+02 7.890980720174871343e-02
1.326803404121738517e+01 1.415728128279014300e+02 8.013180000490366384e-02
1.335369332830233624e+01 1.384901439651153225e+02 8.135751183517628271e-02
1.343858522562556423e+01 1.357946232371189978e+02 8.258704178906814408e-02
1.352283909414055429e+01 1.334209880428777524e+02 8.382048322535036455e-02
1.360656419675619055e+01 1.313141152448615969e+02 8.505791994960455737e-02
1.368985209354809029e+01 1.294278127849201780e+02 8.629942403818864627e-02
1.377277898914851129e+01 1.277236354260793973e+02 8.754505489991289136e-02
1.385540794259181574e+01 1.261697698855033707e+02 8.879485926117285099e-02
1.393779084858895168e+01 1.247400352815209743e+02 9.004887162378802379e-02
1.401997023911376594e+01 1.234129742333230695e+02 9.130711523672478680e-02
1.410198082805704800e+01 1.221710735830101555e+02 9.256960315042038479e-02
1.418385085675166835e+01 1.210000855781462121e+02 9.383633938614591163e-02
1.426560323603572833e+01 1.198884517009110908e+02 9.510732008496740331e-02
1.434725650882335302e+01 1.188268170511249906e+02 9.638253459904376486e-02
1.442882564955806579e+01 1.178076270220335289e+02 9.766196649223295168e-02
1.451032274762668450e+01 1.168247825179888082e+02 9.894559445477045523e-02
1.459175755120431184e+01 1.158733655846475301e+02 1.002333930863948813e-01
1.467313791854648031e+01 1.149494117320960100e+02 1.015253335837416754e-01
1.475447019380733771e+01 1.140497203345639008e+02 1.028213843476442901e-01
1.483575950443650626e+01 1.131717045937212589e+02 1.041215114797051644e-01
1.491701000701320012e+01 1.123132675153508302e+02 1.054256792143161842e-01
1.499822508351267025e+01 1.114727028929406885e+02 1.067338502770093789e-01
1.507940749893859333e+01 1.106486157821332625e+02 1.080459861814148242e-01
1.516055952857275813e+01 1.098398583032690254e+02 1.093620474788474933e-01
1.524168305857243588e+01 1.090454788900025562e+02 1.106819939609670761e-01
1.532277966666606694e+01 1.082646815783385676e+02 1.120057848278500218e-01
1.540385068574246041e+01 1.074967939258699516e+02 1.133333788242730927e-01
1.548489725456998123e+01 1.067412414239576890e+02 1.146647343514065054e-01
1.556592035797189943e+01 1.059975272292633406e+02 1.159998095574256288e-01
1.564692085766462348e+01 1.052652166058554997e+02 1.173385624088129908e-01
1.572789951691012433e+01 1.045439244880725909e+02 1.186809507489482579e-01
1.580885702043379482e+01 1.038333054319529509e+02 1.200269323467489380e-01
1.588979398928762876e+01 1.031330461167662662e+02 1.213764649332924050e-01
1.597071099274075046e+01 1.024428593462369150e+02 1.227295062317920044e-01
1.605160855757753424e+01 1.017624793576519266e+02 1.240860139817109020e-01
1.613248717539810073e+01 1.010916581387481301e+02 1.254459459578735059e-01
1.621334730829879334e+01 1.004301625619203122e+02 1.268092599856466551e-01
1.629418939334336969e+01 9.977777212850482158e+01 1.281759139530741776e-01
1.637501384599127263e+01 9.913427723920791834e+01 1.295458658203285929e-01
1.645582106302735781e+01 9.849947771607585878e+01 1.309190736279343403e-01
1.653661142473542967e+01 9.787318170592635624e+01 1.322954955028655122e-01
1.661738529629401739e+01 9.725520497619267246e+01 1.336750896625489848e-01
1.669814302960431007e+01 9.664536999272058893e+01 1.350578144203661290e-01
1.677888496436163734e+01 9.604350537922056219e+01 1.364436281888974922e-01
1.685961142914320021e+01 9.544944536849486383e+01 1.378324894832086978e-01
1.694032274182374920e+01 9.486302959273015745e+01 1.392243569219306920e-01
1.702101921033001730e+01 9.428410270288844686e+01 1.406191892298055135e-01
1.710170113338820386e+01 9.371251399160763640e+01 1.420169452402109123e-01
1.718236880094240604e+01 9.314811718208399327e+01 1.434175838966086358e-01
1.726302249454161597e+01 9.259077023285330199e+01 1.448210642539024540e-01
1.734366248775013020e+01 9.204033513072920414e+01 1.462273454799900285e-01
1.742428904650722643e+01 9.149667770934584610e+01 1.476363868571730353e-01
1.750490242945745933e+01 9.095966748252583045e+01 1.490481477835068902e-01
1.758550288821227170e+01 9.042917751229479961e+01 1.504625877739403650e-01
1.766609066762489633e+01 8.990508427019850046e+01 1.518796664615547631e-01
1.774666600604178868e+01 8.938726751044778496e+01 1.532993435987455577e-01
1.782722913556084876e+01 8.887561013965449774e+01 1.547215790585005080e-01
1.790778028223702378e+01 8.836999811309635788e+01 1.561463328354813218e-01
1.798831966629190404e+01 8.787032032898086698e+01 1.575735650471575822e-01
1.806884750231041181e+01 8.737646852921426444e+01 1.590032359349120572e-01
1.814936399945007039e+01 8.688833719383063681e+01 1.604353058652721875e-01
1.822986936161318994e+01 8.640582345410695098e+01 1.618697353309816456e-01
1.831036378761645267e+01 8.592882700703215448e+01 1.633064849520844686e-01
1.839084747135620646e+01 8.545725003189792801e+01 1.647455154769172092e-01
1.847132060181655788e+01 8.499099718622365174e+01 1.661867877889720013e-01
1.855178336367236014e+01 8.452997530154283368e+01 1.676302628981044263e-01
1.863223593707991554e+01 8.407409348900297630e+01 1.690759019488525805e-01
1.871267849833615315e+01 8.362326280680602508e+01 1.705236661992293457e-01
1.879311121840446575e+01 8.317739700391535962e+01 1.719735170600491525e-01
1.887353426449200811e+01 8.273641172432142810e+01 1.734254160782643939e-01
1.895394780048501815e+01 8.230022428741895624e+01 1.748793249204554923e-01
1.903435198616917035e+01 8.186875408133523990e+01 1.763352054039596939e-01
1.911474697756415608e+01 8.144192239413715129e+01 1.777930194874477732e-01
1.919513292717481079e+01 8.101965228713396527e+01 1.792527292644661985e-01
1.927550998423842543e+01 8.060186847011178202e+01 1.807142969579009495e-01
1.935587829427854700e+01 8.018849752644297268e+01 1.821776849441045509e-01
1.943623799954452380e+01 7.977946769132771010e+01 1.836428557413060658e-01
1.951658923922591882e+01 7.937470874363579298e+01 1.851097720084707576e-01
1.959693214961113128e+01 7.897415192586861110e+01 1.865783965413611301e-01
1.967726686373096356e+01 7.857773012398573087e+01 1.880486922907615988e-01
1.975759351167781475e+01 7.818537770637166773e+01 1.895206223531349932e-01
1.983791222079182504e+01 7.779703042992569806e+01 1.909941499668680598e-01
1.991822311571118931e+01 7.741262541467816050e+01 1.924692385160834962e-01
1.999852631835750572e+01 7.703210115118412205e+01 1.939458515393716886e-01
2.007882194800771813e+01 7.665539746422443557e+01 1.954239527260011600e-01
2.015911012140013270e+01 7.628245545932192329e+01 1.969035059147208611e-01
2.023939095288892531e+01 7.591321744479861877e+01 1.983844750895875086e-01
2.031966455437264329e+01 7.554762696783508602e+01 1.998668243908340303e-01
2.039993103543242725e+01 7.518562874474687874e+01 2.013505181149164713e-01
2.048019050337174107e+01 7.482716864093495701e+01 2.028355207118781589e-01
2.056044306327287785e+01 7.447219364238311812e+01 2.043217967859929096e-01
2.064068881811105527e+01 7.412065179809484050e+01 2.058093110928106428e-01
2.072092786873247761e+01 7.377249223115757104e+01 2.072980285473091655e-01
2.080116031396070397e+01 7.342766508508933043e+01 2.087879142239667807e-01
2.088138625062110165e+01 7.308612151149192471e+01 2.102789333551969564e-01
2.096160577359052724e+01 7.274781364498961977e+01 2.117710513318791510e-01
2.104181897586920513e+01 7.241269456696653606e+01 2.132642337027503554e-01
2.112202594862602467e+01 7.208071828272450432e+01 2.147584461775851328e-01
2.120222678126736682e+01 7.175183968673898960e+01 2.162536546270839855e-01
2.128242156141799413e+01 7.142601457232075290e+01 2.177498250856632622e-01
2.136261037498935167e+01 7.110319959714131244e+01 2.192469237498667067e-01
2.144279330623055912e+01 7.078335225752638848e+01 2.207449169790771104e-01
2.152297043778572672e+01 7.046643085951625096e+01 2.222437712975921797e-01
2.160314185073369231e+01 7.015239449883920031e+01 2.237434533937590064e-01
2.168330762461175354e+01 6.984120304892863373e+01 2.252439301198233546e-01
2.176346783743996482e+01 6.953281714867087260e+01 2.267451684939628953e-01
2.184362256574811312e+01 6.922719818877922648e+01 2.282471357036004456e-01
2.192377188466625526e+01 6.892430826614490513e+01 2.297497991024694264e-01
2.200391586792099829e+01 6.862411018569783039e+01 2.312531262120451347e-01
2.208405458786436171e+01 6.832656744584485864e+01 2.327570847220104822e-01
2.216418811551350743e+01 6.803164421842056697e+01 2.342616424904559180e-01
2.224431652058810016e+01 6.773930532985983177e+01 2.357667675462820911e-01
2.232443987154923803e+01 6.744951624153674175e+01 2.372724280878795999e-01
2.240455823560918702e+01 6.716224304486679841e+01 2.387785924839992413e-01
2.248467167876652795e+01 6.687745244356156604e+01 2.402852292734120321e-01
2.256478026582048813e+01 6.659511174640955744e+01 2.417923071689547232e-01
2.264488406043381374e+01 6.631518883555834520e+01 2.432997950547384214e-01
2.272498312513156549e+01 6.603765216711491348e+01 2.448076619875201032e-01
2.280507752132714216e+01 6.576247075801946096e+01 2.463158771968002037e-01
2.288516730934790999e+01 6.548961417311198829e+01 2.478244100860808319e-01
2.296525254847682973e+01 6.521905250414370414e+01 2.493332302329777928e-01
2.304533329696354116e+01 6.495075636416565601e+01 2.508423073893383259e-01
2.312540961204108569e+01 6.468469687911893118e+01 2.523516114816971578e-01
2.320548154995133672e+01 6.442084567496912939e+01 2.538611126116575578e-01
2.328554916597495605e+01 6.415917486262354430e+01 2.553707810571839709e-01
2.336561251445173681e+01 6.389965702765904609e+01 2.568805872718437633e-01
2.344567164879089916e+01 6.364226522512331741e+01 2.583905018855019997e-01
2.352572662149463412e+01 6.338697296766123657e+01 2.599004957043187236e-01
2.360577748418133126e+01 6.313375421379505781e+01 2.614105397124741881e-01
2.368582428760919001e+01 6.288258335600960436e+01 2.629206050710110598e-01
2.376586708168347783e+01 6.263343521710244488e+01 2.644306631186049139e-01
2.384590591547753746e+01 6.238628503957469462e+01 2.659406853714417207e-01
2.392594083725272114e+01 6.214110847556696626e+01 2.674506435249379144e-01
2.400597189448105340e+01 6.189788157544587222e+01 2.689605094525089335e-01
2.408599913385148383e+01 6.165658078463491876e+01 2.704702552062960286e-01
2.416602260128851754e+01 6.141718293422288610e+01 2.719798530170638995e-01
2.424604234197081709e+01 6.117966523157374326e+01 2.734892752956722961e-01
2.432605840035043343e+01 6.094400525062737728e+01 2.749984946319662393e-01
2.440607082015935703e+01 6.071018092859674908e+01 2.765074837953759856e-01
2.448607964442594209e+01 6.047817055767878713e+01 2.780162157349450047e-01
2.456608491549324569e+01 6.024795277579656272e+01 2.795246635803684265e-01
2.464608667503367201e+01 6.001950655922453137e+01 2.810328006411537127e-01
2.472608496405655387e+01 5.979281121875347793e+01 2.825406004070120103e-01
2.480607982292258384e+01 5.956784639241420365e+01 2.840480365481439229e-01
2.488607129136229190e+01 5.934459203615578815e+01 2.855550829156639492e-01
2.496605940848573368e+01 5.912302841895030525e+01 2.870617135411631660e-01
