1.100000000000000089e+00 1.600000000000000000e+02 0.000000000000000000e+00
1.100077785526662133e+00 1.603607572017990037e+02 1.129122737293846864e-06
1.108517477457389377e+00 1.962353740943191553e+02 1.147628466846220953e-04
1.118127172418498017e+00 2.315197244580117797e+02 2.291997361037204572e-04
1.128797546041057531e+00 2.662689624370024717e+02 3.445870313075844946e-04
1.140442706765344427e+00 3.005264203231718056e+02 4.610499166280660355e-04
1.152994457711532306e+00 3.343265034423918678e+02 5.786988895795317769e-04
1.166398215475253464e+00 3.676967491221664659e+02 6.976340488764284399e-04
1.180610050987125126e+00 4.006593195779992129e+02 8.179478132072362170e-04
1.195594521299495616e+00 4.332320957769802590e+02 9.397267468146859332e-04
1.211323011724390275e+00 4.654295138291928993e+02 1.063052900437068318e-03
1.227772490105362602e+00 4.972631934575642845e+02 1.188004782288875488e-03
1.244924533585654025e+00 5.287424289933290993e+02 1.314658115047041571e-03
1.262764571264430646e+00 5.598745714559580620e+02 1.443086426641647249e-03
1.281281276783956979e+00 5.906653349929289334e+02 1.573361532065756588e-03
1.300466086377652264e+00 6.211190400244814782e+02 1.705553922916953642e-03
1.320312808457622555e+00 6.512388102067085356e+02 1.839733092010038340e-03
1.340817305843508445e+00 6.810267327471010503e+02 1.975967806623003548e-03
1.361977234950772830e+00 7.104839899840582120e+02 2.114326341050827909e-03
1.383791829999227785e+00 7.396109682536845185e+02 2.254876677160381863e-03
1.406261723487414184e+00 7.684073484604664372e+02 2.397686678817541241e-03
1.429388795628809383e+00 7.968721820367044302e+02 2.542824245191030626e-03
1.453176055593580429e+00 8.250039508560493005e+02 2.690357441238362679e-03
1.477627522626398848e+00 8.528006272095643681e+02 2.840354627583947279e-03
1.502748145603008068e+00 8.802597143894370220e+02 2.992884562105697401e-03
1.528543722447720077e+00 9.073782873428517632e+02 3.148016500764903511e-03
1.555020834079876346e+00 9.341530259960007925e+02 3.305820288307228898e-03
1.582186791038835638e+00 9.605802421817776349e+02 3.466366438703861672e-03
1.610049581448028677e+00 9.866559058919117433e+02 3.629726213953488826e-03
1.638617832462678781e+00 1.012375664726592618e+03 3.795971693008172530e-03
1.667900772496068384e+00 1.037734862951319656e+03 3.965175839498708867e-03
1.697908200333940965e+00 1.062728557078684844e+03 4.137412564041334506e-03
1.728650458174656013e+00 1.087351529469615798e+03 4.312756783273558048e-03
1.760138406541235323e+00 1.111598300990248390e+03 4.491284477173515879e-03
1.792383410820634904e+00 1.135463137802863230e+03 4.673072737355653435e-03
1.825397313235689989e+00 1.158940065506039900e+03 4.858199826440427055e-03
1.859192422234097641e+00 1.182022874487915033e+03 5.046745223690186216e-03
1.893781501766294673e+00 1.204705125335493449e+03 5.238789670388774647e-03
1.929177751044840683e+00 1.226980159046038807e+03 5.434415222176671757e-03
1.965394803546064662e+00 1.248841097530743127e+03 5.633705286813803746e-03
2.002446710416310616e+00 1.270280851986276048e+03 5.836744673863368364e-03
2.040347935780185029e+00 1.291292125261773208e+03 6.043619634626993392e-03
2.079113349722984339e+00 1.311867415399202855e+03 6.254417903636310706e-03
2.118758218542218241e+00 1.331999020551470949e+03 6.469228742039883143e-03
2.159298203215595624e+00 1.351679039755324084e+03 6.688142974701637329e-03
2.200749350180147612e+00 1.370899377583279602e+03 6.911253032568081926e-03
2.243128088783304719e+00 1.389651745429558787e+03 7.138652989960407591e-03
2.286451226161813732e+00 1.407927664093672774e+03 7.370438603198096496e-03
2.330735941729601191e+00 1.425718466561295827e+03 7.606707349140712747e-03
2.375999784913720880e+00 1.443015299146479265e+03 7.847558461289920462e-03
2.422260667897074615e+00 1.459809125152949264e+03 8.093092967862518944e-03
2.469536865495763678e+00 1.476090724935982735e+03 8.343413726418029072e-03
2.517847011957855319e+00 1.491850697517429580e+03 8.598625459241969471e-03
2.567210091317972953e+00 1.507079465451821989e+03 8.858834790165588668e-03
2.617645431950091250e+00 1.521767277574490208e+03 9.124150279562707327e-03
2.669172709645657449e+00 1.535904207448649231e+03 9.394682456228370740e-03
2.721811939791158430e+00 1.549480157311815447e+03 9.670543851522519357e-03
2.775583464084828478e+00 1.562484864777230996e+03 9.951849031104749443e-03
2.830507952922790338e+00 1.574907901630051128e+03 1.023871462793841253e-02
2.886606399132378709e+00 1.586738676988885800e+03 1.053125937371931012e-02
2.943900105762925712e+00 1.597966443465346856e+03 1.082960412717215958e-02
3.002410676419499325e+00 1.608580302040677452e+03 1.113387190269596316e-02
3.062160013992215379e+00 1.618569202706813940e+03 1.144418790219322787e-02
3.123170308450711197e+00 1.627921950624074498e+03 1.176067954107921226e-02
3.185464017576360884e+00 1.636627215841756424e+03 1.208347646692029508e-02
3.249063863742529090e+00 1.644673534922496628e+03 1.241271059124894258e-02
3.313992821549121448e+00 1.652049317180642674e+03 1.274851611332500530e-02
3.380274097300185243e+00 1.658742855035803132e+03 1.309102953513377639e-02
3.447931109672462746e+00 1.664742333765561170e+03 1.344038967724645907e-02
3.516987482460109948e+00 1.670035835165765093e+03 1.379673770733354406e-02
3.587467021802970280e+00 1.674611349038864091e+03 1.416021715173336991e-02
3.659393681820414912e+00 1.678456790531635534e+03 1.453097389224537045e-02
3.732791553186682432e+00 1.681560005898924828e+03 1.490915619094825874e-02
3.807684838814798578e+00 1.683908784771112096e+03 1.529491469923054126e-02
3.884097815995678715e+00 1.685490879254929951e+03 1.568840244931060321e-02
3.962054797833196584e+00 1.686294023389474205e+03 1.608977484479851006e-02
4.041580116655836719e+00 1.686305941515024188e+03 1.649918968014478168e-02
4.122698080772019047e+00 1.685514370089982094e+03 1.691680712517034182e-02
4.205432910404292457e+00 1.683907090012072331e+03 1.734278968126483356e-02
4.289808711936212049e+00 1.681471939610790741e+03 1.777730218975898113e-02
4.375849431822468105e+00 1.678196837899746015e+03 1.822051181290612609e-02
4.463578786114183572e+00 1.674069820131147935e+03 1.867258798156136781e-02
4.553020184807324178e+00 1.669079075962030174e+03 1.913370233590672501e-02
4.644196699717742405e+00 1.663212965661296494e+03 1.960402872652405176e-02
4.737130983072925794e+00 1.656460061180178627e+03 2.008374314766110322e-02
4.831845147015254582e+00 1.648809206942844867e+03 2.057302361626036497e-02
4.928360711350339152e+00 1.640249546207366848e+03 2.107205014630470288e-02
5.026698518082548084e+00 1.630770564182539147e+03 2.158100467723522015e-02
5.126878605736235883e+00 1.620362151432826067e+03 2.210007094663441266e-02
5.228920059781803964e+00 1.609014679338408996e+03 2.262943432989377932e-02
5.332840933367860359e+00 1.596719040085815095e+03 2.316928177824910048e-02
5.438658088188215167e+00 1.583466726950518250e+03 2.371980164456973308e-02
5.546387038319561036e+00 1.569249913080826218e+03 2.428118351336787731e-02
5.656041808059045550e+00 1.554061523218828370e+03 2.485361805280734970e-02
5.767634712808554553e+00 1.537895344244273019e+03 2.543729675794268938e-02
5.881176152872003904e+00 1.520746129203834926e+03 2.603241171257597922e-02
5.996674439454968919e+00 1.502609685094301085e+03 2.663915539587037584e-02
6.114135500539821244e+00 1.483483021248564910e+03 2.725772031540384110e-02
6.233562629356166340e+00 1.463364476232290372e+03 2.788829870457983778e-02
6.354956235659511066e+00 1.442253843323825095e+03 2.853108222606141539e-02
6.478313465980190422e+00 1.420152562098614226e+03 2.918626148028694370e-02
6.603627867460387435e+00 1.397063888023426898e+03 2.985402558080890029e-02
6.730889026625821892e+00 1.372993074696036729e+03 3.053456168866339887e-02
6.860082136007290998e+00 1.347947592484657662e+03 3.122805443280211521e-02
6.991187568268885322e+00 1.321937343380255243e+03 3.193468535591933305e-02
7.124180319582290366e+00 1.294974941814214617e+03 3.265463213864191333e-02
7.259029510764679394e+00 1.267075966334270788e+03 3.338806792884060209e-02
7.395697782295625800e+00 1.238259264818480233e+03 3.413516047385976165e-02
7.534140636792317380e+00 1.208547286196471077e+03 3.489607116657311714e-02
7.674305783376920154e+00 1.177966411216111055e+03 3.567095411006431654e-02
7.816132332095523161e+00 1.146547358859147380e+03 3.645995483566063372e-02
7.959550038721473264e+00 1.114325567337926941e+03 3.726320920437833917e-02
8.104478420450600851e+00 1.081341640227153675e+03 3.808084188454279734e-02
8.250825844156901567e+00 1.047641806438897675e+03 3.891296486312247060e-02
8.398488586534758937e+00 1.013278394380840268e+03 3.975967580693472864e-02
8.547349850460392418e+00 9.783103282019301332e+02 4.062105601704256441e-02
8.697278698966014687e+00 9.428036656024158901e+02 4.149716861816639402e-02
8.848129145137624718e+00 9.068320569804101297e+02 4.238805610147060310e-02
8.999739149853345666e+00 8.704772510729004580e+02 4.329373787217487973e-02
9.151929740906927790e+00 8.338295393579404617e+02 4.421420770071996659e-02
9.304504173456106031e+00 7.969881796084514463e+02 4.514943081520986223e-02
9.457247566429977326e+00 7.600615793247062584e+02 4.609934072231496038e-02
9.609926542733989052e+00 7.231674772509045397e+02 4.706383601690614094e-02
9.762289431182859190e+00 6.864328415000202313e+02 4.804277697461108165e-02
9.914066992361327380e+00 6.499935033570545784e+02 4.903598206925451758e-02
1.006497382797883944e+01 6.139934462595923605e+02 5.004322452157126955e-02
1.021471066935209215e+01 5.785836512583588274e+02 5.106422897072041694e-02
1.036296768603635954e+01 5.439204278127170937e+02 5.209866849213553447e-02
1.050942891499408205e+01 5.101631792751171588e+02 5.314616225784210557e-02
1.065377800775762829e+01 4.774715034474802451e+02 5.420627398678721370e-02
1.079570519910000392e+01 4.460016768868230770e+02 5.527851166772512759e-02
1.093491540410932217e+01 4.159025699311935682e+02 5.636232885749304505e-02
1.107113740098729870e+01 3.873110139778258372e+02 5.745712834012886572e-02
1.120413310217471903e+01 3.603471242003449788e+02 5.856226787925383759e-02
1.133370692242585598e+01 3.351095733552178899e+02 5.967706910412282073e-02
1.145971402121200633e+01 3.116714334891781277e+02 6.080082920784665723e-02
1.158206675191726198e+01 2.900769223199473004e+02 6.193283546339821422e-02
1.170073851734600900e+01 2.703394581327166293e+02 6.307238199700017367e-02
1.181576447401053720e+01 2.524413044670328361e+02 6.421878788510027025e-02
1.192723883960687381e+01 2.363349284952530240e+02 6.537141523751187344e-02
1.203530900817087002e+01 2.219459699262887398e+02 6.652968576516356258e-02
1.214016699547350697e+01 2.091775568036813411e+02 6.769309424426747657e-02
1.224203909336038265e+01 1.979155248913235994e+02 6.886121762016551850e-02
1.234117473077360394e+01 1.880340372879242636e+02 7.003371899326112093e-02
1.243783551850687985e+01 1.794011113480586062e+02 7.121034640369615365e-02
1.253228532290850872e+01 1.718836264990087841e+02 7.239092683215295199e-02
1.262478184124946878e+01 1.653515744675667065e+02 7.357535692320986420e-02
1.271557013648285483e+01 1.596813209938947580e+02 7.476359103897194103e-02
1.280487798078274508e+01 1.547579550161714224e+02 7.595562881177597703e-02
1.289291302380734372e+01 1.504767172818330323e+02 7.715150274622850635e-02
1.297986143957821348e+01 1.467436829970010592e+02 7.835126711216579276e-02
1.306588776350057302e+01 1.434758440497419372e+02 7.955498845399738839e-02
1.315113562490118682e+01 1.406007394447053969e+02 8.076273802686714798e-02
1.323572906050882736e+01 1.380557926522225500e+02 8.197458607334884295e-02
1.331977419847158650e+01 1.357874620215836501e+02 8.319059779482552985e-02
1.340336111135396280e+01 1.337503059439957553e+02 8.441083073502693435e-02
1.348656570788938325e+01 1.319060284634476830e+02 8.563533329189873533e-02
1.356945156777105588e+01 1.302225536247166815e+02 8.686414408584637592e-02
1.365207165713222714e+01 1.286731600135769042e+02 8.809729193794371693e-02
1.373446989367870330e+01 1.272356911474523145e+02 8.933479626668962281e-02
1.381668254274728014e+01 1.258918511639267876e+02 9.057666774145921307e-02
1.389873944355780111e+01 1.246265861765917435e+02 9.182290907689537318e-02
1.398066507463858521e+01 1.234275467679076996e+02 9.307351589403707603e-02
1.406247946567342133e+01 1.222846279624056365e+02 9.432847757759720009e-02
1.414419897247669411e+01 1.211895782517257061e+02 9.558777809496961375e-02
1.422583693123805482e+01 1.201356695281917411e+02 9.685139676097324901e-02
1.430740420578875494e+01 1.191174209889351658e+02 9.811930893024831124e-02
1.438890964312481024e+01 1.181303693244680630e+02 9.939148661465271872e-02
1.447036045103571311e+01 1.171708782049881847e+02 1.006678990262422774e-01
1.455176250803102000e+01 1.162359819224274133e+02 1.019485130479115126e-01
1.463312061860478508e+01 1.153232566095346669e+02 1.032332936396204992e-01
1.471443872123329299e+01 1.144307153050234263e+02 1.045222041845583760e-01
1.479572005738012841e+01 1.135567226905178870e+02 1.058152067815250064e-01
1.487696730894271901e+01 1.126999257487615154e+02 1.071122624923129818e-01
1.495818270886650581e+01 1.118591979587832839e+02 1.084133315475186293e-01
1.503936813041800669e+01 1.110335942576224113e+02 1.097183735183738379e-01
1.512052515879645753e+01 1.102223149122667394e+02 1.110273474589643233e-01
1.520165514857037081e+01 1.094246765428984389e+02 1.123402120234599788e-01
1.528275926878486857e+01 1.086400893662569587e+02 1.136569255613926466e-01
1.536383854077553224e+01 1.078680381185388200e+02 1.149774461988193885e-01
1.544489386610278459e+01 1.071080679625131182e+02 1.163017319003037814e-01
1.552592604928766917e+01 1.063597730173108147e+02 1.176297405201297830e-01
1.560693581655845819e+01 1.056227869007691567e+02 1.189614298461053044e-01
1.568792383025136417e+01 1.048967754642698367e+02 1.202967576336542999e-01
1.576889069995641002e+01 1.041814311696459470e+02 1.216356816325105117e-01
1.584983699149879044e+01 1.034764685580880155e+02 1.229781596087649448e-01
1.593076323417011508e+01 1.027816206019769254e+02 1.243241493630545119e-01
1.601166992618234630e+01 1.020966359533774721e+02 1.256736087443127980e-01
1.609255753930085575e+01 1.014212766066612517e+02 1.270264956616398433e-01
1.617342652216511567e+01 1.007553162232131569e+02 1.283827680928377735e-01
1.625427730275628235e+01 1.000985388865422436e+02 1.297423840911337556e-01
1.633511029156252192e+01 9.945073750536481327e+01 1.311053017937648946e-01
1.641592588318287227e+01 9.881171300447039130e+01 1.324714794262823181e-01
1.649672445728983661e+01 9.818127383907784633e+01 1.338408753048317412e-01
1.657750637990043430e+01 9.755923535360561516e+01 1.352134478396781192e-01
1.665827200479947834e+01 9.694541906360785788e+01 1.365891555394702916e-01
1.673902167424509813e+01 9.633965229986651480e+01 1.379679570132895661e-01
1.681975571960037286e+01 9.574176788970217444e+01 1.393498109724247147e-01
1.690047446194670400e+01 9.515160384755239420e+01 1.407346762321814437e-01
1.698117821275866746e+01 9.456900303448635725e+01 1.421225117140508254e-01
1.706186727431298067e+01 9.399381295190755736e+01 1.435132764470737066e-01
1.714254194009501120e+01 9.342588553644498006e+01 1.449069295691949588e-01
1.722320249523624724e+01 9.286507693926526485e+01 1.463034303287770177e-01
1.730384921683031152e+01 9.231124736663217334e+01 1.477027380857829642e-01
1.738448237427897425e+01 9.176426090535623814e+01 1.491048123131355485e-01
1.746510222959506464e+01 9.122398536995983420e+01 1.505096125979449029e-01
1.754570903767831425e+01 9.069029216353105483e+01 1.519170986426768843e-01
1.762630304659074909e+01 9.016305613878041925e+01 1.533272302663793718e-01
1.770688449779888529e+01 8.964215547584817045e+01 1.547399674058293761e-01
1.778745362640889738e+01 8.912747156366907575e+01 1.561552701166826207e-01
1.786801066138508176e+01 8.861888888975427392e+01 1.575730985745867341e-01
1.794855582577851294e+01 8.811629492484209436e+01 1.589934130764023013e-01
1.802908933692238946e+01 8.761958002432780290e+01 1.604161740413036774e-01
1.810961140662172397e+01 8.712863733258546972e+01 1.618413420118832158e-01
1.819012224133434685e+01 8.664336269163882776e+01 1.632688776552430610e-01
1.827062204235704357e+01 8.616365454726235384e+01 1.646987417641646856e-01
1.835111100599587175e+01 8.568941386304365437e+01 1.661308952582307708e-01
1.843158932414540629e+01 8.522054382817501050e+01 1.675652991730510466e-01
1.851205718231975084e+01 8.475695085078959323e+01 1.690019147204770422e-01
1.859251476385331614e+01 8.429854243867519870e+01 1.704407031787736337e-01
1.867296224647639846e+01 8.384522892690316098e+01 1.718816259942806124e-01
1.875339980382143779e+01 8.339692271790219991e+01 1.733246447431101567e-01
1.883382760572226644e+01 8.295353813050517999e+01 1.747697211165442910e-01
1.891424581731680377e+01 8.251499185263433844e+01 1.762168169495468562e-01
1.899465459994206640e+01 8.208120248976143785e+01 1.776658942212297476e-01
1.907505411158742703e+01 8.165209033624785206e+01 1.791169150378429387e-01
1.915544450672232202e+01 8.122757746226392328e+01 1.805698416410053131e-01
1.923582593601975788e+01 8.080758785328048077e+01 1.820246364208674139e-01
1.931619854670308811e+01 8.039204723511350892e+01 1.834812619061397254e-01
1.939656248282259199e+01 7.998088293439523966e+01 1.849396807586332070e-01
1.947691788522482170e+01 7.957402389404252574e+01 1.863998557788137944e-01
1.955726489134696067e+01 7.917140077699477274e+01 1.878617499212367203e-01
1.963760363573056722e+01 7.877294570703736554e+01 1.893253262814781346e-01
1.971793425007334832e+01 7.837859224267637615e+01 1.907905480944041554e-01
1.979825686320246092e+01 7.798827539061109348e+01 1.922573787377711840e-01
1.987857160095594722e+01 7.760193166555042410e+01 1.937257817436166540e-01
1.995887858649092195e+01 7.721949893472552162e+01 1.951957207891090174e-01
2.003917794038002853e+01 7.684091636924510738e+01 1.966671596993841142e-01
2.011946978076231218e+01 7.646612436795356871e+01 1.981400624425994628e-01
2.019975422313502378e+01 7.609506466249344214e+01 1.996143931433859431e-01
2.028003138053150067e+01 7.572768022754161166e+01 2.010901160777323060e-01
2.036030136364636078e+01 7.536391521766898904e+01 2.025671956711310728e-01
2.044056428090023303e+01 7.500371493466106187e+01 2.040455965020307738e-01
2.052082023855872706e+01 7.464702576752368657e+01 2.055252832986063372e-01
2.060106934061065331e+01 7.429379525389620653e+01 2.070062209482924631e-01
2.068131168890549887e+01 7.394397201071937786e+01 2.084883744932922445e-01
2.076154738323604576e+01 7.359750569253029084e+01 2.099717091302710226e-01
2.084177652139541692e+01 7.325434696270002632e+01 2.114561902138316629e-01
2.092199919928193097e+01 7.291444744052567728e+01 2.129417832523238241e-01
2.100221551083330596e+01 7.257775973442868178e+01 2.144284539146888435e-01
2.108242554809524449e+01 7.224423740735353761e+01 2.159161680298070374e-01
2.116262940129623971e+01 7.191383493902104362e+01 2.174048915860998799e-01
2.124282715892373474e+01 7.158650768752238491e+01 2.188945907327871643e-01
2.132301890775275055e+01 7.126221187485661801e+01 2.203852317796884119e-01
2.140320473287590630e+01 7.094090457179714804e+01 2.218767811970771275e-01
2.148338471774103198e+01 7.062254367891191009e+01 2.233692056167029538e-01
2.156355894415939645e+01 7.030708792242018035e+01 2.248624718373625764e-01
2.164372749242190608e+01 6.999449679555721104e+01 2.263565468206628073e-01
2.172389044129166180e+01 6.968473056233797536e+01 2.278513976926358209e-01
2.180404786803546457e+01 6.937775024166163007e+01 2.293469917442793049e-01
2.188419984847021382e+01 6.907351758390413465e+01 2.308432964314777736e-01
2.196434645699732613e+01 6.877199505354688824e+01 2.323402793781451647e-01
2.204448776665973142e+01 6.847314580043621390e+01 2.338379083739400566e-01
2.212462384914307378e+01 6.817693365916170478e+01 2.353361513758519818e-01
2.220475477480245274e+01 6.788332313557815212e+01 2.368349765094051318e-01
2.228488061269840870e+01 6.759227938863882912e+01 2.383343520699553741e-01
2.236500143065835289e+01 6.730376819941838562e+01 2.398342465215935471e-01
2.244511729527912181e+01 6.701775596981107697e+01 2.413346284981002787e-01
2.252522827195107169e+01 6.673420971038648020e+01 2.428354668033463337e-01
2.260533442489013112e+01 6.645309702420297526e+01 2.443367304117352312e-01
2.268543581717422342e+01 6.617438608844987868e+01 2.458383884698278621e-01
2.276553251076972373e+01 6.589804564109039120e+01 2.473404102954806505e-01
2.284562456654208162e+01 6.562404497550993199e+01 2.488427653787369243e-01
2.292571204428652365e+01 6.535235392501138563e+01 2.503454233815081698e-01
2.300579500274975686e+01 6.508294285188371475e+01 2.518483541403317982e-01
2.308587349967019264e+01 6.481578262709406602e+01 2.533515276644844882e-01
2.316594759178141061e+01 6.455084462855656113e+01 2.548549141370883842e-01
2.324601733483619270e+01 6.428810072899187844e+01 2.563584839151144545e-01
2.332608278362633669e+01 6.402752328593528830e+01 2.578622075315054607e-01
2.340614399202215523e+01 6.376908512181514510e+01 2.593660556936207562e-01
2.348620101297480645e+01 6.351275952277472925e+01 2.608699992842288262e-01
2.356625389853725494e+01 6.325852022809141317e+01 2.623740093613857738e-01
2.364630269988272815e+01 6.300634142087102418e+01 2.638780571600619629e-01
2.372634746733801947e+01 6.275619771124566171e+01 2.653821140912872578e-01
2.380638825038820272e+01 6.250806413399963191e+01 2.668861517427320584e-01
2.388642509769413280e+01 6.226191613972782335e+01 2.683901418786490134e-01
2.396645805710964439e+01 6.201772958617573295e+01 2.698940564412078413e-01
2.404648717571027916e+01 6.177548072372627530e+01 2.713978675498703308e-01
2.412651249979880674e+01 6.153514619263508933e+01 2.729015475017892989e-01
2.420653407492080333e+01 6.129670301515984221e+01 2.744050687717161652e-01
2.428655194588019484e+01 6.106012858772066210e+01 2.759084040132946947e-01
2.436656615676466942e+01 6.082540066807474943e+01 2.774115260583354670e-01
2.444657675095062999e+01 6.059249737282960524e+01 2.789144079172224955e-01
2.452658377111804455e+01 6.036139716993984905e+01 2.804170227786894065e-01
2.460658725926440127e+01 6.013207887167621379e+01 2.819193440112534588e-01
2.468658725672693777e+01 5.990452162339562392e+01 2.834213451622027979e-01
2.476658380418656336e+01 5.967870490158352936e+01 2.849229999581930906e-01
2.484657694168279107e+01 5.945460850630751537e+01 2.864242823047921105e-01
2.492656670862703905e+01 5.923221255450350498e+01 2.879251662879484530e-01
2.500655314382052197e+01 5.901149747096609843e+01 2.894256261727849444e-01
2.508653628545892644e+01 5.879244398596290466e+01 2.909256364041173382e-01
