1.100000000000000089e+00 1.600000000000000000e+02 1.000000000000000056e-01
1.100077785526662133e+00 1.603607572017990037e+02 9.999954219327950034e-02
1.108517477457389377e+00 1.962353740943191553e+02 9.996847236622324884e-02
1.118127172418498017e+00 2.315197244580117797e+02 9.996077749140190594e-02
1.128797546041057531e+00 2.662689624370024717e+02 9.997029747575801595e-02
1.140442706765344427e+00 3.005264203231718056e+02 9.999317996885520587e-02
1.152994457711532306e+00 3.343265034423918678e+02 1.000268663186581197e-01
1.166398215475253464e+00 3.676967491221664659e+02 1.000695766170942025e-01
1.180610050987125126e+00 4.006593195779992129e+02 1.001200274153599551e-01
1.195594521299495616e+00 4.332320957769802590e+02 1.001772696327704743e-01
1.211323011724390275e+00 4.654295138291928993e+02 1.002405836342044332e-01
1.227772490105362602e+00 4.972631934575642845e+02 1.003094153663573740e-01
1.244924533585654025e+00 5.287424289933290993e+02 1.003833322391968069e-01
1.262764571264430646e+00 5.598745714559580620e+02 1.004619933534715293e-01
1.281281276783956979e+00 5.906653349929289334e+02 1.005451277753833944e-01
1.300466086377652264e+00 6.211190400244814782e+02 1.006325192785808287e-01
1.320312808457622555e+00 6.512388102067085356e+02 1.007239949988469330e-01
1.340817305843508445e+00 6.810267327471010503e+02 1.008194169541584001e-01
1.361977234950772830e+00 7.104839899840582120e+02 1.009186755816304376e-01
1.383791829999227785e+00 7.396109682536845185e+02 1.010216847332678775e-01
1.406261723487414184e+00 7.684073484604664372e+02 1.011283777661821787e-01
1.429388795628809383e+00 7.968721820367044302e+02 1.012387044326779201e-01
1.453176055593580429e+00 8.250039508560493005e+02 1.013526287092810091e-01
1.477627522626398848e+00 8.528006272095643681e+02 1.014701263099150319e-01
1.502748145603008068e+00 8.802597143894370220e+02 1.015911834747707104e-01
1.528543722447720077e+00 9.073782873428517632e+02 1.017157955000504849e-01
1.555020834079876346e+00 9.341530259960007925e+02 1.018439656605482080e-01
1.582186791038835638e+00 9.605802421817776349e+02 1.019757043895349324e-01
1.610049581448028677e+00 9.866559058919117433e+02 1.021110284341333746e-01
1.638617832462678781e+00 1.012375664726592618e+03 1.022499603156939996e-01
1.667900772496068384e+00 1.037734862951319656e+03 1.023925277571017256e-01
1.697908200333940965e+00 1.062728557078684844e+03 1.025387632514337261e-01
1.728650458174656013e+00 1.087351529469615798e+03 1.026887036880685250e-01
1.760138406541235323e+00 1.111598300990248390e+03 1.028423900028923033e-01
1.792383410820634904e+00 1.135463137802863230e+03 1.029998670506975522e-01
1.825397313235689989e+00 1.158940065506039900e+03 1.031611831685088215e-01
1.859192422234097641e+00 1.182022874487915033e+03 1.033263900748265796e-01
1.893781501766294673e+00 1.204705125335493449e+03 1.034955427612436751e-01
1.929177751044840683e+00 1.226980159046038807e+03 1.036686991936966451e-01
1.965394803546064662e+00 1.248841097530743127e+03 1.038459203597585784e-01
2.002446710416310616e+00 1.270280851986276048e+03 1.040272700378446491e-01
2.040347935780185029e+00 1.291292125261773208e+03 1.042128147641056685e-01
2.079113349722984339e+00 1.311867415399202855e+03 1.044026237621413500e-01
2.118758218542218241e+00 1.331999020551470949e+03 1.045967688284547004e-01
2.159298203215595624e+00 1.351679039755324084e+03 1.047953243415952196e-01
2.200749350180147612e+00 1.370899377583279602e+03 1.049983671624935000e-01
2.243128088783304719e+00 1.389651745429558787e+03 1.052059766273361341e-01
2.286451226161813732e+00 1.407927664093672774e+03 1.054182345101599971e-01
2.330735941729601191e+00 1.425718466561295827e+03 1.056352249825790041e-01
2.375999784913720880e+00 1.443015299146479265e+03 1.058570346160778303e-01
2.422260667897074615e+00 1.459809125152949264e+03 1.060837523329507537e-01
2.469536865495763678e+00 1.476090724935982735e+03 1.063154694342789280e-01
2.517847011957855319e+00 1.491850697517429580e+03 1.065522796000558936e-01
2.567210091317972953e+00 1.507079465451821989e+03 1.067942788332603005e-01
2.617645431950091250e+00 1.521767277574490208e+03 1.070415654470634609e-01
2.669172709645657449e+00 1.535904207448649231e+03 1.072942401352306313e-01
2.721811939791158430e+00 1.549480157311815447e+03 1.075524059477501876e-01
2.775583464084828478e+00 1.562484864777230996e+03 1.078161682383793063e-01
2.830507952922790338e+00 1.574907901630051128e+03 1.080856347269418399e-01
2.886606399132378709e+00 1.586738676988885800e+03 1.083609155045721500e-01
2.943900105762925712e+00 1.597966443465346856e+03 1.086421230120357684e-01
3.002410676419499325e+00 1.608580302040677452e+03 1.089293720364752777e-01
3.062160013992215379e+00 1.618569202706813940e+03 1.092227797553141783e-01
3.123170308450711197e+00 1.627921950624074498e+03 1.095224657292359766e-01
3.185464017576360884e+00 1.636627215841756424e+03 1.098285518762110030e-01
3.249063863742529090e+00 1.644673534922496628e+03 1.101411625078964895e-01
3.313992821549121448e+00 1.652049317180642674e+03 1.104604243354563448e-01
3.380274097300185243e+00 1.658742855035803132e+03 1.107864664547263955e-01
3.447931109672462746e+00 1.664742333765561170e+03 1.111194203381004608e-01
3.516987482460109948e+00 1.670035835165765093e+03 1.114594198626465832e-01
3.587467021802970280e+00 1.674611349038864091e+03 1.118066012982419505e-01
3.659393681820414912e+00 1.678456790531635534e+03 1.121611032729757235e-01
3.732791553186682432e+00 1.681560005898924828e+03 1.125230667930865458e-01
3.807684838814798578e+00 1.683908784771112096e+03 1.128926352353925022e-01
3.884097815995678715e+00 1.685490879254929951e+03 1.132699543135679832e-01
3.962054797833196584e+00 1.686294023389474205e+03 1.136551720450393044e-01
4.041580116655836719e+00 1.686305941515024188e+03 1.140484387639053993e-01
4.122698080772019047e+00 1.685514370089982094e+03 1.144499070819153669e-01
4.205432910404292457e+00 1.683907090012072331e+03 1.148597318123641409e-01
4.289808711936212049e+00 1.681471939610790741e+03 1.152780699675301918e-01
4.375849431822468105e+00 1.678196837899746015e+03 1.157050807191193631e-01
4.463578786114183572e+00 1.674069820131147935e+03 1.161409253152314164e-01
4.553020184807324178e+00 1.669079075962030174e+03 1.165857669892568366e-01
4.644196699717742405e+00 1.663212965661296494e+03 1.170397709491398930e-01
4.737130983072925794e+00 1.656460061180178627e+03 1.175031042781917584e-01
4.831845147015254582e+00 1.648809206942844867e+03 1.179759357670349534e-01
4.928360711350339152e+00 1.640249546207366848e+03 1.184584358691647965e-01
5.026698518082548084e+00 1.630770564182539147e+03 1.189507765979287701e-01
5.126878605736235883e+00 1.620362151432826067e+03 1.194531313524166971e-01
5.228920059781803964e+00 1.609014679338408996e+03 1.199656747015669656e-01
5.332840933367860359e+00 1.596719040085815095e+03 1.204885822953885993e-01
5.438658088188215167e+00 1.583466726950518250e+03 1.210220306325038991e-01
5.546387038319561036e+00 1.569249913080826218e+03 1.215661968337529292e-01
5.656041808059045550e+00 1.554061523218828370e+03 1.221212584446819405e-01
5.767634712808554553e+00 1.537895344244273019e+03 1.226873930968498394e-01
5.881176152872003904e+00 1.520746129203834926e+03 1.232647781944237880e-01
5.996674439454968919e+00 1.502609685094301085e+03 1.238535906607027004e-01
6.114135500539821244e+00 1.483483021248564910e+03 1.244540064570731769e-01
6.233562629356166340e+00 1.463364476232290372e+03 1.250662001878302121e-01
6.354956235659511066e+00 1.442253843323825095e+03 1.256903447138510432e-01
6.478313465980190422e+00 1.420152562098614226e+03 1.263266105056274069e-01
6.603627867460387435e+00 1.397063888023426898e+03 1.269751650885398431e-01
6.730889026625821892e+00 1.372993074696036729e+03 1.276361724340036030e-01
6.860082136007290998e+00 1.347947592484657662e+03 1.283097921969522104e-01
6.991187568268885322e+00 1.321937343380255243e+03 1.289961789905466616e-01
7.124180319582290366e+00 1.294974941814214617e+03 1.296954813522200045e-01
7.259029510764679394e+00 1.267075966334270788e+03 1.304078408630968411e-01
7.395697782295625800e+00 1.238259264818480233e+03 1.311333909902232253e-01
7.534140636792317380e+00 1.208547286196471077e+03 1.318722558106455445e-01
7.674305783376920154e+00 1.177966411216111055e+03 1.326245487655049460e-01
7.816132332095523161e+00 1.146547358859147380e+03 1.333903709112398694e-01
7.959550038721473264e+00 1.114325567337926941e+03 1.341698094523949281e-01
8.104478420450600851e+00 1.081341640227153675e+03 1.349629356438040717e-01
8.250825844156901567e+00 1.047641806438897675e+03 1.357698027563479792e-01
8.398488586534758937e+00 1.013278394380840268e+03 1.365904438196452741e-01
8.547349850460392418e+00 9.783103282019301332e+02 1.374248687443315464e-01
8.697278698966014687e+00 9.428036656024158901e+02 1.382730618332548289e-01
8.848129145137624718e+00 9.068320569804101297e+02 1.391349782700312954e-01
8.999739149853345666e+00 8.704772510729004580e+02 1.400105406371628669e-01
9.151929740906927790e+00 8.338295393579404617e+02 1.408996352812203479e-01
9.304504173456106031e+00 7.969881796084514463e+02 1.418021081267586136e-01
9.457247566429977326e+00 7.600615793247062584e+02 1.427177600454981599e-01
9.609926542733989052e+00 7.231674772509045397e+02 1.436463422210506602e-01
9.762289431182859190e+00 6.864328415000202313e+02 1.445875511685679737e-01
9.914066992361327380e+00 6.499935033570545784e+02 1.455410236481482211e-01
1.006497382797883944e+01 6.139934462595923605e+02 1.465063316521197645e-01
1.021471066935209215e+01 5.785836512583588274e+02 1.474829776437421858e-01
1.036296768603635954e+01 5.439204278127170937e+02 1.484703904354248982e-01
1.050942891499408205e+01 5.101631792751171588e+02 1.494679222312922107e-01
1.065377800775762829e+01 4.774715034474802451e+02 1.504748471756636730e-01
1.079570519910000392e+01 4.460016768868230770e+02 1.514903622469277733e-01
1.093491540410932217e+01 4.159025699311935682e+02 1.525135911045262804e-01
1.107113740098729870e+01 3.873110139778258372e+02 1.535435923282769399e-01
1.120413310217471903e+01 3.603471242003449788e+02 1.545793715598523521e-01
1.133370692242585598e+01 3.351095733552178899e+02 1.556198994288027215e-01
1.145971402121200633e+01 3.116714334891781277e+02 1.566641345524712459e-01
1.158206675191726198e+01 2.900769223199473004e+02 1.577110514339207792e-01
1.170073851734600900e+01 2.703394581327166293e+02 1.587596719416304869e-01
1.181576447401053720e+01 2.524413044670328361e+02 1.598090982902339030e-01
1.192723883960687381e+01 2.363349284952530240e+02 1.608585446644558714e-01
1.203530900817087002e+01 2.219459699262887398e+02 1.619073644093342312e-01
1.214016699547350697e+01 2.091775568036813411e+02 1.629550696727960490e-01
1.224203909336038265e+01 1.979155248913235994e+02 1.640013412816197225e-01
1.234117473077360394e+01 1.880340372879242636e+02 1.650460278093827393e-01
1.243783551850687985e+01 1.794011113480586062e+02 1.660891342957933059e-01
1.253228532290850872e+01 1.718836264990087841e+02 1.671308020986980447e-01
1.262478184124946878e+01 1.653515744675667065e+02 1.681712835179211274e-01
1.271557013648285483e+01 1.596813209938947580e+02 1.692109127603347307e-01
1.280487798078274508e+01 1.547579550161714224e+02 1.702500778278754900e-01
1.289291302380734372e+01 1.504767172818330323e+02 1.712891943610859724e-01
1.297986143957821348e+01 1.467436829970010592e+02 1.723286837363781632e-01
1.306588776350057302e+01 1.434758440497419372e+02 1.733689557124288017e-01
1.315113562490118682e+01 1.406007394447053969e+02 1.744103959121582892e-01
1.323572906050882736e+01 1.380557926522225500e+02 1.754533575716833438e-01
1.331977419847158650e+01 1.357874620215836501e+02 1.764981569774916326e-01
1.340336111135396280e+01 1.337503059439957553e+02 1.775450717631329445e-01
1.348656570788938325e+01 1.319060284634476830e+02 1.785943413243398781e-01
1.356945156777105588e+01 1.302225536247166815e+02 1.796461686907913080e-01
1.365207165713222714e+01 1.286731600135769042e+02 1.807007232950092468e-01
1.373446989367870330e+01 1.272356911474523145e+02 1.817581442318706997e-01
1.381668254274728014e+01 1.258918511639267876e+02 1.828185436845324308e-01
1.389873944355780111e+01 1.246265861765917435e+02 1.838820103045572252e-01
1.398066507463858521e+01 1.234275467679076996e+02 1.849486124310986135e-01
1.406247946567342133e+01 1.222846279624056365e+02 1.860184010379804520e-01
1.414419897247669411e+01 1.211895782517257061e+02 1.870914123779514326e-01
1.422583693123805482e+01 1.201356695281917411e+02 1.881676703258458871e-01
1.430740420578875494e+01 1.191174209889351658e+02 1.892471884154574013e-01
1.438890964312481024e+01 1.181303693244680630e+02 1.903299715928781222e-01
1.447036045103571311e+01 1.171708782049881847e+02 1.914160177126246476e-01
1.455176250803102000e+01 1.162359819224274133e+02 1.925053187991081494e-01
1.463312061860478508e+01 1.153232566095346669e+02 1.935978621094820440e-01
1.471443872123329299e+01 1.144307153050234263e+02 1.946936310189914809e-01
1.479572005738012841e+01 1.135567226905178870e+02 1.957926057540910203e-01
1.487696730894271901e+01 1.126999257487615154e+02 1.968947640002720045e-01
1.495818270886650581e+01 1.118591979587832839e+02 1.980000813992371100e-01
1.503936813041800669e+01 1.110335942576224113e+02 1.991085319568306478e-01
1.512052515879645753e+01 1.102223149122667394e+02 2.002200883752836558e-01
1.520165514857037081e+01 1.094246765428984389e+02 2.013347223232491434e-01
1.528275926878486857e+01 1.086400893662569587e+02 2.024524046514432907e-01
1.536383854077553224e+01 1.078680381185388200e+02 2.035731055747567464e-01
1.544489386610278459e+01 1.071080679625131182e+02 2.046967948089619682e-01
1.552592604928766917e+01 1.063597730173108147e+02 2.058234416827245949e-01
1.560693581655845819e+01 1.056227869007691567e+02 2.069530152315977312e-01
1.568792383025136417e+01 1.048967754642698367e+02 2.080854842705891772e-01
1.576889069995641002e+01 1.041814311696459470e+02 2.092208174505396923e-01
1.584983699149879044e+01 1.034764685580880155e+02 2.103589833040301893e-01
1.593076323417011508e+01 1.027816206019769254e+02 2.114999502827094036e-01
1.601166992618234630e+01 1.020966359533774721e+02 2.126436867853350732e-01
1.609255753930085575e+01 1.014212766066612517e+02 2.137901611817397962e-01
1.617342652216511567e+01 1.007553162232131569e+02 2.149393418298454483e-01
1.625427730275628235e+01 1.000985388865422436e+02 2.160911970886709998e-01
1.633511029156252192e+01 9.945073750536481327e+01 2.172456953349658770e-01
1.641592588318287227e+01 9.881171300447039130e+01 2.184028049713322983e-01
1.649672445728983661e+01 9.818127383907784633e+01 2.195624944306356352e-01
1.657750637990043430e+01 9.755923535360561516e+01 2.207247321825046849e-01
1.665827200479947834e+01 9.694541906360785788e+01 2.218894867409211824e-01
1.673902167424509813e+01 9.633965229986651480e+01 2.230567266677166149e-01
1.681975571960037286e+01 9.574176788970217444e+01 2.242264205755982176e-01
1.690047446194670400e+01 9.515160384755239420e+01 2.253985371311471031e-01
1.698117821275866746e+01 9.456900303448635725e+01 2.265730450582870981e-01
1.706186727431298067e+01 9.399381295190755736e+01 2.277499131403488419e-01
1.714254194009501120e+01 9.342588553644498006e+01 2.289291102221005791e-01
1.722320249523624724e+01 9.286507693926526485e+01 2.301106052119361034e-01
1.730384921683031152e+01 9.231124736663217334e+01 2.312943670835026500e-01
1.738448237427897425e+01 9.176426090535623814e+01 2.324803648775802534e-01
1.746510222959506464e+01 9.122398536995983420e+01 2.336685677037146636e-01
1.754570903767831425e+01 9.069029216353105483e+01 2.348589447417246956e-01
1.762630304659074909e+01 9.016305613878041925e+01 2.360514652432367522e-01
1.770688449779888529e+01 8.964215547584817045e+01 2.372460985331186767e-01
1.778745362640889738e+01 8.912747156366907575e+01 2.384428140108817984e-01
1.786801066138508176e+01 8.861888888975427392e+01 2.396415811520151706e-01
1.794855582577851294e+01 8.811629492484209436e+01 2.408423695094209782e-01
1.802908933692238946e+01 8.761958002432780290e+01 2.420451487146947633e-01
1.810961140662172397e+01 8.712863733258546972e+01 2.432498884793925509e-01
1.819012224133434685e+01 8.664336269163882776e+01 2.444565585962695797e-01
1.827062204235704357e+01 8.616365454726235384e+01 2.456651289405903382e-01
1.835111100599587175e+01 8.568941386304365437e+01 2.468755694713712645e-01
1.843158932414540629e+01 8.522054382817501050e+01 2.480878502246283424e-01
1.851205718231975084e+01 8.475695085078959323e+01 2.493019413540925322e-01
1.859251476385331614e+01 8.429854243867519870e+01 2.505178130584558294e-01
1.867296224647639846e+01 8.384522892690316098e+01 2.517354356500267620e-01
1.875339980382143779e+01 8.339692271790219991e+01 2.529547795292630963e-01
1.883382760572226644e+01 8.295353813050517999e+01 2.541758151740155514e-01
1.891424581731680377e+01 8.251499185263433844e+01 2.553985131587057089e-01
1.899465459994206640e+01 8.208120248976143785e+01 2.566228441579185282e-01
1.907505411158742703e+01 8.165209033624785206e+01 2.578487789343892889e-01
1.915544450672232202e+01 8.122757746226392328e+01 2.590762883447516041e-01
1.923582593601975788e+01 8.080758785328048077e+01 2.603053433486704482e-01
1.931619854670308811e+01 8.039204723511350892e+01 2.615359150020457601e-01
1.939656248282259199e+01 7.998088293439523966e+01 2.627679744536332018e-01
1.947691788522482170e+01 7.957402389404252574e+01 2.640014929491917850e-01
1.955726489134696067e+01 7.917140077699477274e+01 2.652364418426730874e-01
1.963760363573056722e+01 7.877294570703736554e+01 2.664727925877821701e-01
1.971793425007334832e+01 7.837859224267637615e+01 2.677105167366741201e-01
1.979825686320246092e+01 7.798827539061109348e+01 2.689495859425581892e-01
1.987857160095594722e+01 7.760193166555042410e+01 2.701899719680318501e-01
1.995887858649092195e+01 7.721949893472552162e+01 2.714316466789729598e-01
2.003917794038002853e+01 7.684091636924510738e+01 2.726745820470629078e-01
2.011946978076231218e+01 7.646612436795356871e+01 2.739187501463994368e-01
2.019975422313502378e+01 7.609506466249344214e+01 2.751641231630787554e-01
2.028003138053150067e+01 7.572768022754161166e+01 2.764106733917747194e-01
2.036030136364636078e+01 7.536391521766898904e+01 2.776583732346949440e-01
2.044056428090023303e+01 7.500371493466106187e+01 2.789071952044698266e-01
2.052082023855872706e+01 7.464702576752368657e+01 2.801571119220191419e-01
2.060106934061065331e+01 7.429379525389620653e+01 2.814080961233977884e-01
2.068131168890549887e+01 7.394397201071937786e+01 2.826601206567498914e-01
2.076154738323604576e+01 7.359750569253029084e+01 2.839131584823305632e-01
2.084177652139541692e+01 7.325434696270002632e+01 2.851671826753909289e-01
2.092199919928193097e+01 7.291444744052567728e+01 2.864221664232636799e-01
2.100221551083330596e+01 7.257775973442868178e+01 2.876780830303445891e-01
2.108242554809524449e+01 7.224423740735353761e+01 2.889349059177910295e-01
2.116262940129623971e+01 7.191383493902104362e+01 2.901926086234586366e-01
2.124282715892373474e+01 7.158650768752238491e+01 2.914511648031502533e-01
2.132301890775275055e+01 7.126221187485661801e+01 2.927105482305104589e-01
2.140320473287590630e+01 7.094090457179714804e+01 2.939707327969733330e-01
2.148338471774103198e+01 7.062254367891191009e+01 2.952316925126617364e-01
2.156355894415939645e+01 7.030708792242018035e+01 2.964934015107053566e-01
2.164372749242190608e+01 6.999449679555721104e+01 2.977558340443952067e-01
2.172389044129166180e+01 6.968473056233797536e+01 2.990189644883467501e-01
2.180404786803546457e+01 6.937775024166163007e+01 3.002827673390046637e-01
2.188419984847021382e+01 6.907351758390413465e+01 3.015472172147367069e-01
2.196434645699732613e+01 6.877199505354688824e+01 3.028122888583905659e-01
2.204448776665973142e+01 6.847314580043621390e+01 3.040779571357215549e-01
2.212462384914307378e+01 6.817693365916170478e+01 3.053441970365839975e-01
2.220475477480245274e+01 6.788332313557815212e+01 3.066109836759436380e-01
2.228488061269840870e+01 6.759227938863882912e+01 3.078782922950092371e-01
2.236500143065835289e+01 6.730376819941838562e+01 3.091460982606222818e-01
2.244511729527912181e+01 6.701775596981107697e+01 3.104143770659693047e-01
2.252522827195107169e+01 6.673420971038648020e+01 3.116831043309652438e-01
2.260533442489013112e+01 6.645309702420297526e+01 3.129522558027107992e-01
2.268543581717422342e+01 6.617438608844987868e+01 3.142218073568937009e-01
2.276553251076972373e+01 6.589804564109039120e+01 3.154917349972074514e-01
2.284562456654208162e+01 6.562404497550993199e+01 3.167620148560609250e-01
2.292571204428652365e+01 6.535235392501138563e+01 3.180326231944445303e-01
2.300579500274975686e+01 6.508294285188371475e+01 3.193035364041499347e-01
2.308587349967019264e+01 6.481578262709406602e+01 3.205747310064667732e-01
2.316594759178141061e+01 6.455084462855656113e+01 3.218461836530308040e-01
2.324601733483619270e+01 6.428810072899187844e+01 3.231178711259159453e-01
2.332608278362633669e+01 6.402752328593528830e+01 3.243897703393565091e-01
2.340614399202215523e+01 6.376908512181514510e+01 3.256618583387070887e-01
2.348620101297480645e+01 6.351275952277472925e+01 3.269341123012016181e-01
2.356625389853725494e+01 6.325852022809141317e+01 3.282065095359401052e-01
2.364630269988272815e+01 6.300634142087102418e+01 3.294790274852232859e-01
2.372634746733801947e+01 6.275619771124566171e+01 3.307516437240343166e-01
2.380638825038820272e+01 6.250806413399963191e+01 3.320243359604940214e-01
2.388642509769413280e+01 6.226191613972782335e+01 3.332970820358856501e-01
2.396645805710964439e+01 6.201772958617573295e+01 3.345698599257609374e-01
2.404648717571027916e+01 6.177548072372627530e+01 3.358426477395838328e-01
2.412651249979880674e+01 6.153514619263508933e+01 3.371154237210530757e-01
2.420653407492080333e+01 6.129670301515984221e+01 3.383881662480947572e-01
2.428655194588019484e+01 6.106012858772066210e+01 3.396608538339336847e-01
2.436656615676466942e+01 6.082540066807474943e+01 3.409334651266466842e-01
2.444657675095062999e+01 6.059249737282960524e+01 3.422059789094923921e-01
2.452658377111804455e+01 6.036139716993984905e+01 3.434783741008026192e-01
2.460658725926440127e+01 6.013207887167621379e+01 3.447506297551583554e-01
2.468658725672693777e+01 5.990452162339562392e+01 3.460227250627083695e-01
2.476658380418656336e+01 5.967870490158352936e+01 3.472946393496448847e-01
2.484657694168279107e+01 5.945460850630751537e+01 3.485663520779185842e-01
2.492656670862703905e+01 5.923221255450350498e+01 3.498378428464432588e-01
2.500655314382052197e+01 5.901149747096609843e+01 3.511090913902439326e-01
2.508653628545892644e+01 5.879244398596290466e+01 3.523800775808794694e-01
