7.519616050068199664e-01 1.592504974159503206e+02 9.965363435902085953e-02
1.069595349416900376e+00 1.617293245536881727e+02 9.958348822466385475e-02
1.106474925858340175e+00 1.973336299813626056e+02 9.962046319411305140e-02
1.043702291554783557e+00 2.354804294637944224e+02 1.008119933243399741e-01
9.830013718925544319e-01 2.617200467480501516e+02 1.000710491193529950e-01
1.332698052465264293e+00 3.053779204071467461e+02 1.004362313041926580e-01
1.648062579125157079e+00 3.348211055438231369e+02 1.001660855018361718e-01
1.158578402453837697e+00 3.720705955356149843e+02 1.004514436320994714e-01
8.877174924620361285e-01 4.045642243857966491e+02 1.009974654745072892e-01
9.627755326635466515e-01 4.348948882959049342e+02 1.004424424064675608e-01
8.151142889904524624e-01 4.685111689499572094e+02 9.996579450149258028e-02
1.676811856486731589e+00 5.004199438426933852e+02 9.934055206307096375e-02
7.882638488125033316e-01 5.336896038245849923e+02 9.988106576606251008e-02
1.557840215155589680e+00 5.597711594345465755e+02 9.998846086701244917e-02
9.256357921669164934e-01 5.868800406155438623e+02 1.013878872384187807e-01
1.313270288547759401e+00 6.259195997762033130e+02 9.987649528786685105e-02
1.105924541980247033e+00 6.541171784970822500e+02 9.974562018865172630e-02
8.898143584198049405e-01 6.830641804305918185e+02 1.002197620882870205e-01
1.778594797086716195e+00 7.119593552556543727e+02 1.014768557658934506e-01
1.396758697679564953e+00 7.394396915801424939e+02 1.017620290405908817e-01
1.578358817321613206e+00 7.695244390508962624e+02 1.015937449504043938e-01
1.267967505103602122e+00 7.929394926820293676e+02 1.017858751012665208e-01
1.259161960238570188e+00 8.226732587509595760e+02 1.019482761584467462e-01
1.568484252579506411e+00 8.504227405962751618e+02 1.014219639826558633e-01
1.411888737966046525e+00 8.767086339422011179e+02 1.012108523856116299e-01
1.521744083031546957e+00 9.060285941862014170e+02 1.017171477858592465e-01
1.083611190625302534e+00 9.336159793784296426e+02 1.022004290036060553e-01
1.765236710021764299e+00 9.591706532481396152e+02 1.019257841760633637e-01
1.660286213477621731e+00 9.893727905812304471e+02 1.011895624910783137e-01
1.269817691511980762e+00 1.014575145894979528e+03 1.018583373500163008e-01
1.580058290520892417e+00 1.042709541580090217e+03 1.019052378687712729e-01
2.158418301424931851e+00 1.058923174536798115e+03 1.030589302159605619e-01
2.017834222067901084e+00 1.084635680515718150e+03 1.033813049406738238e-01
2.197100979804224252e+00 1.114354847290587941e+03 1.027929241781302683e-01
2.068041565727036790e+00 1.131746892547528205e+03 1.027387088342371219e-01
2.216997720716255227e+00 1.158227541971092933e+03 1.035884068589127127e-01
1.813197437921348021e+00 1.180205403723870859e+03 1.036263587921615603e-01
2.178420662138325525e+00 1.208015814384835267e+03 1.031165671404634387e-01
2.239170970157576157e+00 1.223184220994644875e+03 1.027593481675371234e-01
1.799990517196488282e+00 1.245965185587088399e+03 1.037042547121020952e-01
2.469678629575537965e+00 1.269541914159905673e+03 1.041833119112074713e-01
1.664987391370781111e+00 1.289184550181683562e+03 1.037190362259406279e-01
1.617806772450654851e+00 1.312257986712764477e+03 1.038729349838155985e-01
1.675702997214568946e+00 1.328762486340957366e+03 1.037580265397521073e-01
2.555679273514900096e+00 1.352296973889333231e+03 1.046800458017181218e-01
2.410843481474322925e+00 1.367307909016071562e+03 1.051667596953306250e-01
2.426623364006293304e+00 1.394615587419310941e+03 1.046954372979891357e-01
2.709451900356994347e+00 1.412625087093326556e+03 1.052475478359800043e-01
2.309992846115921594e+00 1.424872068950193579e+03 1.050126647035325989e-01
2.275134671885173265e+00 1.446813642742668662e+03 1.049569723404416705e-01
2.712986908760588456e+00 1.464645954230074494e+03 1.065381676873896483e-01
2.097819315059453515e+00 1.474095090961652204e+03 1.069932838632418753e-01
2.411381439239408842e+00 1.489899590166514599e+03 1.057638809876036423e-01
2.087435369103626925e+00 1.502624971384056153e+03 1.062465248540169632e-01
2.185035475940759753e+00 1.523840538891905908e+03 1.073314884536549496e-01
3.104496441156162412e+00 1.537661405931944500e+03 1.081585173287904350e-01
2.608944480781827835e+00 1.548567156752786104e+03 1.071131440694900600e-01
2.729868491357711591e+00 1.564167933905534483e+03 1.085456480651092320e-01
3.070735805894586612e+00 1.574981979099651880e+03 1.074980212414642228e-01
3.030417377088824082e+00 1.588955814400354711e+03 1.082835036789928651e-01
3.207153974115345196e+00 1.600624480856266246e+03 1.079361043793243685e-01
2.502497015196807340e+00 1.604606365214619473e+03 1.086606139849688873e-01
3.265345104034274470e+00 1.615188385831545020e+03 1.083207453433416012e-01
3.160317239439419890e+00 1.627187121421866323e+03 1.085489652529069843e-01
3.349018556195568763e+00 1.637803955602168116e+03 1.098861522696204657e-01
3.535645729809469007e+00 1.642475050705911372e+03 1.099348908111783957e-01
3.477590906605523724e+00 1.653509265998409091e+03 1.106461753968495942e-01
3.860430230754811731e+00 1.657373697713989941e+03 1.105060623772339823e-01
3.300150493891000458e+00 1.665124065368357606e+03 1.112212590003506668e-01
3.724136014878421719e+00 1.672940733202447745e+03 1.113387957266263745e-01
3.652228067866955641e+00 1.672003384461250107e+03 1.125758519692264953e-01
3.472097646136341087e+00 1.680692968186177268e+03 1.126517029585600710e-01
3.959229840285265922e+00 1.678689321226342145e+03 1.115399847646990211e-01
3.674114676275854308e+00 1.685563397063330285e+03 1.137580971936318214e-01
3.754909520705063564e+00 1.680966472086816566e+03 1.127769995890187255e-01
4.386840628375566986e+00 1.681672912138869606e+03 1.137546370160587572e-01
3.836803000649310569e+00 1.687258004266199350e+03 1.136063970606263074e-01
3.649424036686825801e+00 1.683264126026471786e+03 1.144404444377007390e-01
4.061991782692127018e+00 1.685430064126639763e+03 1.153441043218530332e-01
4.247147267116778480e+00 1.682544928802732329e+03 1.156024046599272298e-01
4.647246354919955635e+00 1.680265433355529012e+03 1.164432486928764082e-01
4.207779651803056353e+00 1.676985608176960341e+03 1.157056206450229746e-01
4.656001024396616117e+00 1.665707906920884170e+03 1.169373928663361567e-01
4.706711661377453559e+00 1.665558482500059426e+03 1.163070591989485147e-01
4.243882709196757475e+00 1.656186095930424017e+03 1.175164897238939188e-01
5.238815261619840236e+00 1.652825904260792186e+03 1.183401529026569393e-01
4.816704398122190867e+00 1.643121798861530124e+03 1.178970553951031036e-01
4.951889358167246513e+00 1.633158636402703678e+03 1.181677051798261657e-01
5.039498243675684996e+00 1.616542208642202922e+03 1.185136892071595727e-01
5.185894384876672980e+00 1.612336036452251392e+03 1.192777500094376469e-01
5.400978572713569292e+00 1.597823775298756573e+03 1.210660613725741130e-01
5.298869660442023566e+00 1.579009763173605734e+03 1.205866064383843417e-01
5.858273205581078891e+00 1.574196650902783404e+03 1.216453301643572599e-01
5.610708716044507050e+00 1.549310947232674152e+03 1.225112544102226197e-01
6.219240273438952471e+00 1.534178209629580806e+03 1.227620062324301098e-01
5.913079059580772956e+00 1.518749613405240780e+03 1.234023854326606606e-01
6.416853566655115415e+00 1.500982189149952319e+03 1.239946141182287770e-01
6.142638268427683457e+00 1.478957699921827725e+03 1.252758437498172062e-01
6.534461197642419172e+00 1.465763423093948859e+03 1.250201052147105196e-01
6.812033818079017422e+00 1.440167723433723268e+03 1.261698180317915863e-01
6.905583259246259153e+00 1.423784534911712853e+03 1.269541265774105643e-01
6.789546123140428158e+00 1.397740416905068741e+03 1.266445040092438190e-01
6.789474764383772509e+00 1.375471629777681983e+03 1.279117719103524675e-01
6.709177923123022858e+00 1.345652547554580678e+03 1.273791529244453768e-01
6.790961602040333389e+00 1.323359714987319649e+03 1.294619965741853895e-01
7.254003213977166631e+00 1.295905937054935293e+03 1.298592923033738133e-01
7.013854629077551195e+00 1.271176484758554579e+03 1.298501965920632051e-01
7.053885753495664268e+00 1.239513344196322805e+03 1.319231766322519483e-01
7.449468562975572361e+00 1.210725628134998942e+03 1.319075307434023625e-01
7.324207873460199636e+00 1.179135056924300216e+03 1.326888078251562408e-01
7.425842464650652452e+00 1.150691806501936753e+03 1.326692992627486467e-01
7.830421330434496063e+00 1.117730365248890621e+03 1.332403372402214126e-01
8.068371656125009395e+00 1.079707979888226419e+03 1.353245344956365559e-01
7.954428646062741137e+00 1.047753622695349122e+03 1.353280131868608849e-01
8.484905470765079727e+00 1.015534791710271520e+03 1.361633589288142876e-01
8.374941221003126657e+00 9.814986319038245028e+02 1.370502657531194046e-01
8.423446604104267266e+00 9.463912016305910129e+02 1.382332460983323741e-01
8.432255058256332703e+00 9.061029210493327355e+02 1.395148241111502929e-01
8.603401591498929690e+00 8.660061596413044072e+02 1.406478521486676236e-01
9.650550387322425649e+00 8.301865571557025305e+02 1.407038440740271401e-01
9.686165151530612860e+00 8.017189451813144387e+02 1.412238303223066205e-01
9.875799833921917070e+00 7.637501095350835385e+02 1.418540749256252953e-01
9.459989196233927089e+00 7.280329502087886340e+02 1.426829047966925446e-01
9.387127148560281853e+00 6.885858390812879861e+02 1.440573808049768201e-01
1.018079824338930806e+01 6.512336385513960977e+02 1.446211918862380652e-01
1.011526570941825121e+01 6.164205662428395271e+02 1.472035834001652332e-01
1.011204475024468152e+01 5.806669414061556154e+02 1.474281726618381638e-01
1.004306802111795527e+01 5.459063802369830682e+02 1.477182968337822366e-01
1.024857568625051130e+01 5.127611938052018559e+02 1.484765155789833091e-01
1.038581540628509003e+01 4.822394361128888249e+02 1.503408333602252178e-01
1.128375450491155796e+01 4.491682712127749255e+02 1.520230591683638666e-01
1.121804246895521651e+01 4.193842790288388187e+02 1.532131023879013398e-01
1.113336952576661787e+01 3.891973666909055964e+02 1.543076395189326988e-01
1.102616018456025770e+01 3.606901129251867815e+02 1.549284762198767373e-01
1.155166596677959845e+01 3.377471082147552011e+02 1.563051506177949579e-01
1.115637226248849778e+01 3.137850446174444414e+02 1.570011845777485038e-01
1.135885018723956286e+01 2.877850015682788580e+02 1.585713423667704236e-01
1.167414671760443312e+01 2.746400765085591047e+02 1.592942602787113804e-01
1.131969792276642295e+01 2.519032343941028387e+02 1.597888297164912763e-01
1.198574814225358587e+01 2.381740815180177719e+02 1.612294903822713288e-01
1.186163236346809846e+01 2.188306498798219764e+02 1.614557396787229537e-01
1.228218952650653506e+01 2.119830202127926100e+02 1.623520585082731671e-01
1.258393308320991366e+01 1.979958487452995541e+02 1.633562702225047902e-01
1.273193970435333178e+01 1.901578305975699834e+02 1.652836509681709087e-01
1.203716835571575494e+01 1.836525396628425995e+02 1.667677576366996262e-01
1.260290176791426831e+01 1.694450168558199721e+02 1.678054306687124797e-01
1.214100859150255651e+01 1.622549690200138741e+02 1.686502051293456428e-01
1.237902684739457726e+01 1.561178077568481228e+02 1.685076921786903548e-01
1.324633397055640138e+01 1.593678213080042667e+02 1.695979388358759554e-01
1.240767878480509623e+01 1.513085302381227564e+02 1.705972731545420673e-01
1.280146369565396824e+01 1.510407542218672177e+02 1.731523901251236508e-01
1.344574042796005742e+01 1.431103169904832555e+02 1.739817787184897713e-01
1.318419436819973356e+01 1.404601711224683243e+02 1.749852213934045275e-01
1.306397398597422388e+01 1.341279144959392227e+02 1.763299552334455234e-01
1.378509444429198894e+01 1.375957782231734541e+02 1.760993483435798757e-01
1.302989200831686567e+01 1.297269897703525601e+02 1.782628726823617948e-01
1.397895845042552665e+01 1.348325826867102819e+02 1.779644309627880505e-01
1.354779149667801974e+01 1.320221465952431856e+02 1.787667399763314124e-01
1.354532907102731087e+01 1.290171099777412564e+02 1.806309253406266080e-01
1.323974230564756027e+01 1.254912595776087869e+02 1.826658781454948421e-01
1.334574704879592311e+01 1.243545864293025858e+02 1.824970158408097121e-01
1.433740794025052168e+01 1.256354393706810839e+02 1.836672709178014395e-01
1.371930451363060044e+01 1.276674798445896641e+02 1.843129380030658071e-01
1.453523139262365405e+01 1.243188851357610218e+02 1.859718502658317119e-01
1.436528319261644526e+01 1.184441899722300633e+02 1.871305111051117520e-01
1.466441953882596572e+01 1.200682375345757009e+02 1.882709013534417941e-01
1.426215164511488709e+01 1.227426048378915482e+02 1.886128763806106112e-01
1.406563150481376923e+01 1.225621027294812961e+02 1.899251996148359767e-01
1.446727823182577666e+01 1.209984561020869620e+02 1.921058246730478480e-01
1.494220843789906183e+01 1.117503227696252992e+02 1.932982180501480185e-01
1.433989415368996134e+01 1.142185666425556576e+02 1.931984318289731439e-01
1.447123110473728147e+01 1.125109276213423612e+02 1.943423165980271150e-01
1.467045030038891618e+01 1.184180707747101025e+02 1.958236680691024523e-01
1.535850651175632109e+01 1.077160008748765136e+02 1.967946791106982840e-01
1.460839828852905598e+01 1.104851496753365154e+02 1.976438127959282698e-01
1.461164219075927662e+01 1.090490266193175160e+02 1.999869575002965472e-01
1.550649327338888206e+01 1.090600229191337576e+02 1.998470056473818646e-01
1.555982454985768371e+01 1.044921788376166916e+02 2.021436860934932578e-01
1.556684679465907806e+01 1.048798229982789820e+02 2.020180979497652463e-01
1.498651952757008488e+01 1.085953527476443838e+02 2.041660839070847389e-01
1.543777469941499092e+01 1.093792089258240594e+02 2.039923028487768408e-01
1.529336290539418286e+01 1.015701644845252218e+02 2.054229108568142170e-01
1.520000491108646123e+01 1.046655430393705473e+02 2.062986823101650991e-01
1.549947836645220889e+01 1.055888662225634249e+02 2.076842229160975051e-01
1.561194750580678026e+01 1.067656739591146646e+02 2.098879027019922294e-01
1.551075904877435008e+01 1.020469228571889175e+02 2.111630249416638905e-01
1.593892038220546681e+01 1.073252962552951146e+02 2.111579981833424657e-01
1.613008316005774034e+01 1.022949548168451344e+02 2.133108886929379888e-01
1.595631877940057564e+01 9.783676691064417241e+01 2.133752729010631177e-01
1.589125997913169108e+01 1.011239634132139855e+02 2.143540267102494179e-01
1.640975050994730111e+01 1.029954266526737570e+02 2.167369294467777208e-01
1.640469692954441427e+01 9.849973988514017265e+01 2.181416369672054822e-01
1.591976357601696890e+01 1.013831286325797407e+02 2.175904216006201986e-01
1.625203242126036685e+01 1.012343751170213579e+02 2.190094829994940762e-01
1.646746169422590000e+01 9.419779087695359010e+01 2.210028558449824154e-01
1.668361992918287484e+01 1.004887408721442768e+02 2.223829998492734272e-01
1.707544565426830729e+01 9.806357260213110294e+01 2.222116644547698083e-01
1.694216227145389908e+01 9.818341796190415494e+01 2.235160678207208096e-01
1.655653171362123288e+01 9.365294294792049357e+01 2.252081130771474426e-01
1.740094640651314251e+01 9.955808279199489164e+01 2.268135989531945007e-01
1.709204348522217742e+01 9.128051510579082617e+01 2.268169249924508191e-01
1.758725594765054012e+01 9.168992243092728245e+01 2.296395891226376551e-01
1.762190944958512873e+01 9.150212611781002181e+01 2.306380890906015724e-01
1.701304624836581070e+01 8.883340054194241020e+01 2.306944038096566951e-01
1.782205925871799579e+01 9.377014902615775327e+01 2.318925886391085267e-01
1.768196896407125962e+01 8.917843184349902685e+01 2.345610493987952683e-01
1.716429487332742809e+01 9.372717426187544731e+01 2.347500799515226944e-01
1.801778479281675160e+01 9.349935361049321614e+01 2.354148983480919555e-01
1.814064015215618753e+01 8.872726643380551081e+01 2.365717317934721564e-01
1.824281884898016060e+01 9.176673827808097883e+01 2.385736733616709571e-01
1.756193710129147689e+01 9.085473139095596196e+01 2.392897461455256169e-01
1.838062486120296057e+01 8.494778171991558224e+01 2.410909627374441533e-01
1.845767114912970541e+01 8.945660764670313370e+01 2.415137706270955864e-01
1.816893886001760094e+01 8.793011280518280159e+01 2.423612511014928417e-01
1.780106470776267713e+01 8.169753704395874649e+01 2.435646115116629484e-01
1.846453491837388583e+01 8.734351529016500137e+01 2.449347194688681062e-01
1.851820523782819805e+01 8.665979008056365274e+01 2.472264414833102442e-01
1.875687291327675510e+01 8.121350035915679655e+01 2.479646307756589729e-01
1.805728815415291777e+01 8.751019447309562338e+01 2.488477783660416331e-01
1.885487543640148544e+01 8.794230282354820361e+01 2.508523556808659460e-01
1.899923501468265741e+01 8.787190832336366952e+01 2.518440995667100002e-01
1.878760421288140847e+01 8.753748508175240772e+01 2.536139697595563569e-01
1.916724875024938157e+01 8.515935465435336482e+01 2.540125513353725384e-01
1.929368913147382258e+01 8.501834514163589063e+01 2.551613018730755633e-01
1.912851667738095784e+01 8.125553278681336167e+01 2.573173228966508796e-01
1.915749449293074846e+01 7.885121865150412646e+01 2.579499463083025912e-01
1.927688251138410536e+01 8.071633924649354697e+01 2.584809615833337237e-01
1.970125929943701593e+01 8.389884300959569430e+01 2.604482432469182318e-01
1.946822215701529046e+01 8.068054195832412745e+01 2.623392556695533506e-01
1.927505135006468606e+01 7.937137111599547268e+01 2.618130356896786193e-01
1.950468466929619638e+01 8.345550229713911961e+01 2.648630197906841621e-01
2.003266516619393656e+01 7.954803973087007307e+01 2.648339626310127759e-01
1.950486297317369733e+01 7.674559784310359589e+01 2.673010758028875888e-01
2.003009240881467434e+01 7.833682368855646416e+01 2.674979464233384063e-01
2.008035318989130857e+01 7.649038643741442911e+01 2.692804880568530623e-01
2.005617806771186551e+01 7.436227894574781772e+01 2.711593276979227807e-01
2.021393045602739491e+01 7.720360028956103804e+01 2.722072339074598779e-01
2.022504116317983502e+01 7.470274376710254671e+01 2.730196056006168326e-01
1.975982675844088021e+01 7.197989935248445192e+01 2.742765785095306330e-01
2.054487832927167901e+01 7.407173664381203082e+01 2.743690831250171214e-01
2.038286515497676987e+01 7.953999318797939111e+01 2.754717029356871794e-01
2.023277565007667533e+01 7.413976263785168896e+01 2.766691705080683295e-01
2.072457089867036828e+01 7.603239844126896685e+01 2.785975483710946832e-01
2.005152462922028533e+01 7.436672350316199243e+01 2.803950189065243515e-01
2.102375490892432452e+01 6.968408668745186674e+01 2.820673204616649388e-01
2.081638689735800085e+01 7.548208907914280985e+01 2.822554727620529280e-01
2.097077891823785123e+01 7.138695672962012395e+01 2.841089190123714525e-01
2.127890931954867071e+01 7.415185131656807016e+01 2.845734779070772658e-01
2.114691525444757758e+01 7.069790130769246161e+01 2.868467442083920682e-01
2.050287373166205640e+01 6.791827285601192443e+01 2.882780554658521122e-01
2.145123534093506734e+01 7.554168388540033163e+01 2.883792940483289047e-01
2.082673423428714088e+01 7.380784711493745931e+01 2.910577997932596861e-01
2.081230171627963088e+01 6.967991091075442966e+01 2.915579968974156833e-01
2.174272395458817186e+01 6.668097144647101970e+01 2.926490589994094060e-01
2.110457561364630052e+01 6.722847935718861834e+01 2.936233984610524539e-01
2.101927014052138531e+01 6.816759641714912732e+01 2.961182900765199633e-01
2.113523072247468448e+01 6.976970696827758900e+01 2.956368154942016768e-01
2.136126764607169903e+01 7.391066706191520552e+01 2.983176275036915071e-01
2.125212834392369388e+01 6.473198203347396884e+01 2.990473498369223271e-01
2.199613924107538665e+01 7.135440183957371119e+01 3.011155750624650018e-01
2.174128507190995307e+01 6.514598537338801520e+01 3.008154388184763883e-01
2.231322314015286068e+01 6.940086476485137723e+01 3.018468349201592904e-01
2.166260924000136967e+01 6.804910499814523916e+01 3.036712610352620967e-01
2.251694366320851870e+01 6.912802384972151515e+01 3.044163822042280088e-01
2.220421092207433134e+01 6.771367904745171984e+01 3.072861172448106970e-01
2.228945934292038444e+01 6.296879003177334511e+01 3.074537295344502708e-01
2.276852485334467247e+01 6.917142975239679004e+01 3.085885313778137240e-01
2.230513470806602783e+01 6.635830318106337700e+01 3.103306914990562881e-01
2.206973327131839824e+01 6.762838559332084287e+01 3.113903775460291623e-01
2.217857449595452479e+01 6.660999883973258306e+01 3.125325463143101556e-01
2.301030795902040538e+01 6.342618528136718936e+01 3.144629019942801751e-01
2.298162671309138361e+01 6.330036292154458977e+01 3.153247603064115445e-01
2.249620115044186264e+01 6.620299987036428035e+01 3.157802174226520542e-01
2.338304209153700697e+01 6.500837368366734381e+01 3.180354645727170859e-01
2.275857809860236358e+01 6.076784052289352189e+01 3.190297341830931610e-01
2.332285342869515432e+01 6.955404798595769478e+01 3.206441365309689040e-01
2.280983257395028474e+01 6.347827910707557919e+01 3.227334623896073174e-01
2.373478941690238742e+01 6.247978002051014101e+01 3.239792922531854469e-01
2.325506752144897149e+01 6.298426138248795780e+01 3.238559042532825893e-01
2.307064907076691185e+01 6.686592624117994887e+01 3.264069528153069610e-01
2.396668202997680197e+01 6.249258677276177565e+01 3.266852211004870887e-01
2.385906792708496482e+01 6.783794593427448660e+01 3.287169008291429551e-01
2.383711963026698655e+01 6.287070116806111031e+01 3.300963932199746931e-01
2.393490112919982238e+01 6.412193429373412812e+01 3.315814056704019519e-01
2.347649499731008760e+01 5.847889455905454525e+01 3.317217219365461434e-01
2.344199822039450964e+01 6.031543176301185127e+01 3.324278517524745236e-01
2.373683760475552518e+01 6.595486602541764398e+01 3.344187779054620391e-01
2.435658935047863949e+01 6.524780278671951805e+01 3.360114667906519692e-01
2.428612715507323117e+01 6.468015802873263453e+01 3.380984688145534101e-01
2.397910766938700533e+01 6.373896518634105490e+01 3.389172106366101778e-01
2.422450895808332660e+01 6.082146363531016675e+01 3.402594494554607718e-01
2.467688002780671042e+01 6.031605645198311549e+01 3.413118842644023987e-01
2.443446892343263954e+01 5.937457866594225209e+01 3.432036654780495910e-01
2.429735002848264358e+01 6.037026140529587792e+01 3.443959527622778016e-01
2.467434365533911844e+01 6.167718441128337759e+01 3.443632640811432055e-01
2.428869373309394675e+01 6.374846777452157198e+01 3.465457812588238484e-01
2.484977851535052196e+01 6.049233219157578390e+01 3.465540927025589912e-01
2.449630772647147836e+01 6.318164790053680946e+01 3.490230901976543731e-01
2.485122648316826854e+01 5.575658824297565275e+01 3.492846466288930807e-01
2.487036741900899983e+01 5.933124546626991247e+01 3.511545866388543491e-01
2.546971556829124950e+01 6.034878167084396949e+01 3.515869585155040888e-01
