8.210086205088453770e-01 1.565583810705746828e+02 8.973572361348170975e-05
6.073931803580477906e-01 1.600977991725010270e+02 6.510953099391041934e-04
1.546570920853760578e+00 1.912843637262061236e+02 -5.673864625143856420e-04
1.105308703426253647e+00 2.289047179815793811e+02 -5.244873037754342994e-04
6.798673936941350693e-01 2.650983231258892943e+02 9.422477473667863028e-05
6.795317187568169492e-01 3.008063079596175271e+02 -1.494109035649938706e-05
1.309973313876487078e+00 3.381950850412263776e+02 1.495376910213471952e-03
7.435469000581000909e-01 3.708590556904669597e+02 -2.796539095048144932e-04
1.177924594685443971e+00 4.026604330499158664e+02 1.419161222750288213e-03
1.610561432845761143e+00 4.368143056156329749e+02 1.854192681096314714e-03
1.140957790195624266e+00 4.616972243453647025e+02 1.654622651712271946e-03
8.075444577232021581e-01 4.983382752884121487e+02 1.355557282110027035e-03
1.275486354936974154e+00 5.268871542180989991e+02 2.194217039269540787e-03
1.725352039031999851e+00 5.629475424636964362e+02 2.203966107434547281e-03
1.052051870957452895e+00 5.888261017868201179e+02 7.684271352132287635e-04
1.299250463687213086e+00 6.180882455468016587e+02 1.111984342363954784e-03
1.594604496887348732e+00 6.516848277126715629e+02 2.025485088511456457e-03
1.062289380897182944e+00 6.783315797046254829e+02 1.941729411082805060e-03
1.728581386902092731e+00 7.099184415629340492e+02 2.638056135744459678e-03
1.572444527924508950e+00 7.411839050770381618e+02 1.848655400382525141e-03
9.093822516229060904e-01 7.693926276227088010e+02 2.593692297262441965e-03
1.365567256547057795e+00 7.986317620294823882e+02 2.015122828373727085e-03
1.621886130284376781e+00 8.257003288895099331e+02 2.868505474085485639e-03
1.522340289955151027e+00 8.485571938717017701e+02 2.001778157250094520e-03
1.896089806194563909e+00 8.805093576697460094e+02 3.795307916386315289e-03
1.096987987917708018e+00 9.086232093574866440e+02 4.053601205875602582e-03
1.841089899728678203e+00 9.299501951703691702e+02 2.852543480176882550e-03
1.497395820499886954e+00 9.582142884627094190e+02 3.213002961646360157e-03
2.042432350783510930e+00 9.889251320229506064e+02 3.844465324154026573e-03
1.240109296691391805e+00 1.010190763770471790e+03 3.586616476469221652e-03
2.128812382315246943e+00 1.037136900833700565e+03 4.449978985079616235e-03
1.468990107525416366e+00 1.060440812421430110e+03 4.536674176370481676e-03
1.484485954299708643e+00 1.083254621473601901e+03 4.840775462609863897e-03
2.153243664150132020e+00 1.112587706215256276e+03 4.966158033044633900e-03
1.867883963916753043e+00 1.131432688395846753e+03 5.114950492120424325e-03
1.376042091736614070e+00 1.159088129974494450e+03 5.715640778960127434e-03
2.266518599601046180e+00 1.182752653747879549e+03 5.835006390424523660e-03
2.166543610654199536e+00 1.202939842201928514e+03 5.956795131318428325e-03
2.334837379514493882e+00 1.227561045631437764e+03 5.075827678906437782e-03
1.544087684284708661e+00 1.247400608865275217e+03 6.564723139557605662e-03
2.488476881711875865e+00 1.269091142360889080e+03 5.418522303359679659e-03
1.684657775215831155e+00 1.288192694947153086e+03 5.601992212969280314e-03
1.684969127756070328e+00 1.313614027401712065e+03 6.747808041117862692e-03
1.978906441779415104e+00 1.329939405724673861e+03 7.171803401265975340e-03
2.279150841622207491e+00 1.353416284555603170e+03 6.870017986293264906e-03
1.763915890595864067e+00 1.373009769559571396e+03 6.626635422034107825e-03
2.491573870747450847e+00 1.393690999472035855e+03 6.739065699049029412e-03
2.043265871846367432e+00 1.408057033160109995e+03 7.907848255349273284e-03
2.630838927656964810e+00 1.424815148140949759e+03 7.475760067175555613e-03
2.628918298078635196e+00 1.447169302163781140e+03 7.016730135512258201e-03
2.623772282766303476e+00 1.457280368390251624e+03 8.845372973861374138e-03
2.384046949432745421e+00 1.472392894857638566e+03 8.860082220117034002e-03
2.039609198823662872e+00 1.495569439809801906e+03 9.334378606197230380e-03
2.502596980262095983e+00 1.502689130974433056e+03 9.813374900499240855e-03
2.982053440991748072e+00 1.523422404463039584e+03 8.803604383617057855e-03
2.327753519663760429e+00 1.540822038322986145e+03 8.731253781768453376e-03
3.001936284565733803e+00 1.546804968990377802e+03 9.947463351124867167e-03
2.352170538263295807e+00 1.565752094681378594e+03 9.955488867476675746e-03
2.759772632618536115e+00 1.570284706467421984e+03 1.108954722663962715e-02
2.557410096043348791e+00 1.585850847231945863e+03 1.111400645356770862e-02
3.311798061505450974e+00 1.601195171716973164e+03 9.845595867828044190e-03
3.497926094280418230e+00 1.612971427341633898e+03 1.155220055853056586e-02
3.052718756177364323e+00 1.618853863435802168e+03 1.189736898907449436e-02
2.986762755706247496e+00 1.631684582765073174e+03 1.174188922202822408e-02
3.367732918448991253e+00 1.639509519805015771e+03 1.139325541402249134e-02
2.922224785250017387e+00 1.644536236614661675e+03 1.267342710271932189e-02
3.770841593712599860e+00 1.655319800077814307e+03 1.245713916210709239e-02
3.142997291950422767e+00 1.653989328706374636e+03 1.215825055057674804e-02
3.725851230455396568e+00 1.663280431403830562e+03 1.345864785879340511e-02
3.194369115691959138e+00 1.669752625218602589e+03 1.465614213181108336e-02
3.948566459633348291e+00 1.676526660997740009e+03 1.510622596432846867e-02
3.846374315259696086e+00 1.675846239176741619e+03 1.353547672627481054e-02
3.436440269198437925e+00 1.678074410137051927e+03 1.404065935930237478e-02
3.501767723821861189e+00 1.684351157745550609e+03 1.612136188238855530e-02
3.942847103285606725e+00 1.682295060218746812e+03 1.544545449654618867e-02
3.638476462958089019e+00 1.683148070062575471e+03 1.615612939914088178e-02
3.861146993596720201e+00 1.683944918728360108e+03 1.710833308501810701e-02
3.927850589886087818e+00 1.684347747465583552e+03 1.738033146961496730e-02
3.804462784417100618e+00 1.678996433841025237e+03 1.729033881266162087e-02
4.204509955441433355e+00 1.685688195256126164e+03 1.820685774205815094e-02
4.871204678185351078e+00 1.683147787800974584e+03 1.762409571832923225e-02
4.388302479212175200e+00 1.670203987088065787e+03 1.883841864734120755e-02
4.139765731627024437e+00 1.669188918236923428e+03 1.914384857381369945e-02
4.493835035787777876e+00 1.661858863637297873e+03 1.885647665707106818e-02
4.861955970768882196e+00 1.653621783872135893e+03 2.028238765603404201e-02
4.952099427224304407e+00 1.651609713255025554e+03 2.076638058095861897e-02
5.094397989739942290e+00 1.643371154867417317e+03 2.154971965598838357e-02
4.574120772655635214e+00 1.630696740152580560e+03 2.130609300384827057e-02
5.003462649964832920e+00 1.622106376184579858e+03 2.179712436728972746e-02
5.725950156327401785e+00 1.605478058828508210e+03 2.214307743680461738e-02
4.899368720890062257e+00 1.598962829579617392e+03 2.319160932384194476e-02
5.719901225360515262e+00 1.588328937474714849e+03 2.456530817422968374e-02
5.243661971725518178e+00 1.568951902846154780e+03 2.455440919745771264e-02
5.205263661765468619e+00 1.554166626388764143e+03 2.424320870260809196e-02
6.000541294795088021e+00 1.541627665607976269e+03 2.483583224094647671e-02
5.556053211137466974e+00 1.518642865172622123e+03 2.661209656625047881e-02
6.337604971535146348e+00 1.500518157331349130e+03 2.593628845167297858e-02
5.707600377755857934e+00 1.488196457681336369e+03 2.718708433092074245e-02
6.438177837642308887e+00 1.465159933218970991e+03 2.737710647565928107e-02
6.176180888472499575e+00 1.446785172487388763e+03 2.861506850817859340e-02
6.149755264088547335e+00 1.417134324834648851e+03 2.985931166442716556e-02
6.797890120338989206e+00 1.394572846784778676e+03 3.034451153558638883e-02
6.324256682445630773e+00 1.370025153531444630e+03 3.052906840965076418e-02
6.982234164150145084e+00 1.351275144375707441e+03 3.085335342581657994e-02
6.931689023287566087e+00 1.322477391777349112e+03 3.254350264773839263e-02
7.204554319354204317e+00 1.295063815037020504e+03 3.216633262339404359e-02
7.369059147182712266e+00 1.268859668069382224e+03 3.276980616988899725e-02
7.461862548206563694e+00 1.242808637232425781e+03 3.418120625532728579e-02
7.700374061665227643e+00 1.209266157195376991e+03 3.421861712961765667e-02
8.062489793005568117e+00 1.180064105994450074e+03 3.663106409853077172e-02
7.541073010164667245e+00 1.144254882656178324e+03 3.709108532835534572e-02
8.144206100763144107e+00 1.111320442461107405e+03 3.773926564132600719e-02
7.606094077469069958e+00 1.076488330646532631e+03 3.855982978728496324e-02
7.777743404242317027e+00 1.048084301619467169e+03 3.910425424445666820e-02
8.078553096579927484e+00 1.012832624773892917e+03 4.027547693017533709e-02
8.086554146523926789e+00 9.811642646640384555e+02 4.029660821498003143e-02
8.853955877165709865e+00 9.385177063620549234e+02 4.228291027124842644e-02
9.054869104223827847e+00 9.066832707974599543e+02 4.214966189320338424e-02
9.493192860379938480e+00 8.723459017358559322e+02 4.411485077852388831e-02
9.527658694323864808e+00 8.300558817199865871e+02 4.381253165558184060e-02
9.244568135895770311e+00 7.927653762327101958e+02 4.520165377481003693e-02
9.395900226378815390e+00 7.570848355466955582e+02 4.562262536362771820e-02
9.347676374733154603e+00 7.222565389490479220e+02 4.745907762184851941e-02
9.410564045087893348e+00 6.816176352473665929e+02 4.782629677010549057e-02
9.569960382538397425e+00 6.452633673843743054e+02 4.916987388806329240e-02
9.675924829422136497e+00 6.122342270483709399e+02 5.077128983793507966e-02
1.038487025813388875e+01 5.813126621433588070e+02 5.111931161404682789e-02
1.050791954856758892e+01 5.410132767774969125e+02 5.273094479459013162e-02
1.076427655611793632e+01 5.086537227024549566e+02 5.243529995151456624e-02
1.104880387553311749e+01 4.811424535232285962e+02 5.348690171110750263e-02
1.103513462145974344e+01 4.452072581361849188e+02 5.499816001522143255e-02
1.096260755449645075e+01 4.155764212619559999e+02 5.667857881329266267e-02
1.092188148975307627e+01 3.902706085350000649e+02 5.832551599256117353e-02
1.106324535473727799e+01 3.580606061707146637e+02 5.780903802228309213e-02
1.105994545463666157e+01 3.326986102725508090e+02 5.949502599587435520e-02
1.178743703383035957e+01 3.127951697944348552e+02 6.030037687326599005e-02
1.131972527919924509e+01 2.871871353920349179e+02 6.106505496810069045e-02
1.217844597727257927e+01 2.714171085384973026e+02 6.406537019757600759e-02
1.142898223235380151e+01 2.511469243788127130e+02 6.464262836007603208e-02
1.184851224319183061e+01 2.398025793692328591e+02 6.521304125611379621e-02
1.205458432616492814e+01 2.209654142500286298e+02 6.656104684483607481e-02
1.194693267626715105e+01 2.081070623373565240e+02 6.721677150694217728e-02
1.239538549545156343e+01 2.028180493752902294e+02 6.894558473654929798e-02
1.260240297363575479e+01 1.912265214784032992e+02 6.994716362495789763e-02
1.283550140848125842e+01 1.785409189463954363e+02 7.107218898065970070e-02
1.299707885259185147e+01 1.674595004414067887e+02 7.248978738052190562e-02
1.301435332922985744e+01 1.671950526216062372e+02 7.397289786568425618e-02
1.315575482520585560e+01 1.633003677855585352e+02 7.537445317606306094e-02
1.297580885921336602e+01 1.562304444185342334e+02 7.687236530990165795e-02
1.303418860539497182e+01 1.486173288595728081e+02 7.631166694306064369e-02
1.281297491079562434e+01 1.501744365435631323e+02 7.921090016370486986e-02
1.325876358510933528e+01 1.417280902177733708e+02 7.948195604769386913e-02
1.278195814833691379e+01 1.393778371181022351e+02 7.995188254171183007e-02
1.284231341264139381e+01 1.379965290229527852e+02 8.170758673954997553e-02
1.311187561380626398e+01 1.309462400424833959e+02 8.406164952068705121e-02
1.299775104488171529e+01 1.335427326084259789e+02 8.349286633293891147e-02
1.326648761205979277e+01 1.310139284217280533e+02 8.467196625104880803e-02
1.400890695376568118e+01 1.303794199394077964e+02 8.636835505911054367e-02
1.342808141157733992e+01 1.329512986565748633e+02 8.854750823867453546e-02
1.354215624969992326e+01 1.227338669895006689e+02 8.864399088879143518e-02
1.423549224671442204e+01 1.228996366122069901e+02 9.121749464798498130e-02
1.399937218092269120e+01 1.209902212865697919e+02 9.219468055581273025e-02
1.352935376070639606e+01 1.248487547346557989e+02 9.403376679960660789e-02
1.393901226746107547e+01 1.259878605068860935e+02 9.433598526291585296e-02
1.375779894090278077e+01 1.212835087535436003e+02 9.598663083532658902e-02
1.463286323100555464e+01 1.184365930851906086e+02 9.767143828014200613e-02
1.423369937260456730e+01 1.240428706627197073e+02 9.843618464190552475e-02
1.420092632171740021e+01 1.138383875554658857e+02 1.000723016144441924e-01
1.464203933483682007e+01 1.128475582429959729e+02 9.975040611487050179e-02
1.474518254225496605e+01 1.112363930862614438e+02 1.019884421183878676e-01
1.445791835532020286e+01 1.157094919441915124e+02 1.036061417477105590e-01
1.442933107974910278e+01 1.153415943214249921e+02 1.047836052818925806e-01
1.504315066860772809e+01 1.180940615210452194e+02 1.049441717392553125e-01
1.446867858925648775e+01 1.115113771009206118e+02 1.067518610055387396e-01
1.509913698863762654e+01 1.135451621131232400e+02 1.093255261399533329e-01
1.483392558119111904e+01 1.081539005519183689e+02 1.090961662299344825e-01
1.493890855168950971e+01 1.053398561330617440e+02 1.107795613957515413e-01
1.561193114431016404e+01 1.076723486904030835e+02 1.131350561243005259e-01
1.552868771852091534e+01 1.121332534781249990e+02 1.143388281872181889e-01
1.523746623769076791e+01 1.069707116036949799e+02 1.147060606843200853e-01
1.509844774199629214e+01 1.095256832910016982e+02 1.159446756214895652e-01
1.528042610670900636e+01 1.052014399893348440e+02 1.183502822846292657e-01
1.600612175505166590e+01 1.033168156548563132e+02 1.182434139955961527e-01
1.519816921218899530e+01 1.058619865170151542e+02 1.209792633268819279e-01
1.541707358576572773e+01 1.031461364547755437e+02 1.207098491110479288e-01
1.536572129633166561e+01 1.044833224517820582e+02 1.238964421114652353e-01
1.637916776128182406e+01 1.060019190450488225e+02 1.233521488305882874e-01
1.557869426131128954e+01 1.059384583497570560e+02 1.249789312758543269e-01
1.612643811876512956e+01 1.033470873683685625e+02 1.270566618856383834e-01
1.656946405820263735e+01 1.023469508616369552e+02 1.275680777174324210e-01
1.668647789373405388e+01 1.043696389839461460e+02 1.292558988702275646e-01
1.612229664466837065e+01 1.025615344839446834e+02 1.315331118038501057e-01
1.594576131860990920e+01 9.718704634366352479e+01 1.316491618349203419e-01
1.654701221608019424e+01 1.000903229304511086e+02 1.341537983695353931e-01
1.648634452582319199e+01 1.010285919007932591e+02 1.357774359973231149e-01
1.651837104594427075e+01 9.390965058469771520e+01 1.364772199620854221e-01
1.713378770786520988e+01 9.321507153206194118e+01 1.372440472395806965e-01
1.705462825403712657e+01 9.930934794807913590e+01 1.394324707046449008e-01
1.660913124407814578e+01 9.959237687088321422e+01 1.414223481764902146e-01
1.715762367313920223e+01 9.405480579086649584e+01 1.414461773811652445e-01
1.658394254218327291e+01 9.674945851469605884e+01 1.431314921981810817e-01
1.672491347751336122e+01 9.819606426377328035e+01 1.447344346627088552e-01
1.746737257139754718e+01 9.573424164166480921e+01 1.454525266983310305e-01
1.768391946325074571e+01 9.047355915498920353e+01 1.486292447215211698e-01
1.705157550364150509e+01 9.125080235994400368e+01 1.493538158316376763e-01
1.766917093576593700e+01 8.853393493507904566e+01 1.504598432134610086e-01
1.749294411257756465e+01 9.497694156369061602e+01 1.522271817927833282e-01
1.751754713730139201e+01 8.672111159096378685e+01 1.539193038815754588e-01
1.754044411592834862e+01 8.673213141299123663e+01 1.547324806998704172e-01
1.824088353779873373e+01 8.958664069858211576e+01 1.559046147809066141e-01
1.757433887283577434e+01 8.807892014277064163e+01 1.571396808254197364e-01
1.745291912128335454e+01 8.875026201523961333e+01 1.599521961321584418e-01
1.762541221402114644e+01 8.819098478018040055e+01 1.606905028039699868e-01
1.770969863744963746e+01 8.744112772641337017e+01 1.614940240674739846e-01
1.860267907005035681e+01 8.726574054286467685e+01 1.627179081614494038e-01
1.812631179460758091e+01 8.531909368975254893e+01 1.653438074937820246e-01
1.836384357432146075e+01 8.388496094492801092e+01 1.665510399141852949e-01
1.853162084383274788e+01 8.189753246372764295e+01 1.680793134998914695e-01
1.878469154809399200e+01 8.341169844842298176e+01 1.697333229379846542e-01
1.872072603426957826e+01 8.804759129142922802e+01 1.707514676852547320e-01
1.881614454797247760e+01 8.639982742219544321e+01 1.725204923386007005e-01
1.870162917248052281e+01 8.252879688132247793e+01 1.729577352161189019e-01
1.872320732023881718e+01 8.078973415821093340e+01 1.755362275676349837e-01
1.901827805723969789e+01 7.955707534702182215e+01 1.765226853751134528e-01
1.946113991166197721e+01 7.984568529034609696e+01 1.782115261057393707e-01
1.863810872523195528e+01 8.350380221830239691e+01 1.781336557964172118e-01
1.902782930594710820e+01 7.723199325339943755e+01 1.814213038779080855e-01
1.880545951708737107e+01 7.720456456444208015e+01 1.818570714030756375e-01
1.944545693330075053e+01 8.167671985254845879e+01 1.827541140714247503e-01
1.907347450403807443e+01 7.644269280913196951e+01 1.848783572236538664e-01
1.920654461089327469e+01 8.403496384863885282e+01 1.866253165779573897e-01
1.993197743258456711e+01 8.190445176560710649e+01 1.886101838783308393e-01
1.956427549815198219e+01 7.664355640598462571e+01 1.891392634449600985e-01
1.982672113711451090e+01 8.124490389164742510e+01 1.906730398763342438e-01
1.976072335725442386e+01 7.536178576327557721e+01 1.914805762537275524e-01
1.982672467209820866e+01 7.900401583482576484e+01 1.930902342138454963e-01
1.969084837778721564e+01 7.617853840212623595e+01 1.960536891844452123e-01
1.956143494505133518e+01 7.243926339595125796e+01 1.958721297466402833e-01
2.010974202258155685e+01 7.218067364324429036e+01 1.982631766895756043e-01
1.971776271023326643e+01 7.692473062483757928e+01 1.987241134789126396e-01
1.983672167833161382e+01 7.877368513947897100e+01 2.011569757128816582e-01
2.056881187323205040e+01 7.216154458794724746e+01 2.033532743319594327e-01
2.017013709218236173e+01 7.916871896753397664e+01 2.048342505727628604e-01
2.002878947474465932e+01 7.068551742874215904e+01 2.046155390692601939e-01
2.018744162894764926e+01 7.746545816071551371e+01 2.074669843944447756e-01
2.041551218640325516e+01 7.339070631591802396e+01 2.083111060467359166e-01
2.064209580357356799e+01 7.735117761175990836e+01 2.109623667275151715e-01
2.122340329315950314e+01 7.443527433899315326e+01 2.110543490706622283e-01
2.129385794333537163e+01 7.312995786995816161e+01 2.130798985575668991e-01
2.106315083535218236e+01 7.138117468365159368e+01 2.152230562942770153e-01
2.097905670799564959e+01 7.275011881556909543e+01 2.153121957250466734e-01
2.079805838047004940e+01 7.368343703853085458e+01 2.166768571757006212e-01
2.114550409872279602e+01 7.314699982980913262e+01 2.193116104768843277e-01
2.117640422134261158e+01 7.001507903244508668e+01 2.209697494081460656e-01
2.106493796453475298e+01 7.386833526564464592e+01 2.223384355087915376e-01
2.122465289457983673e+01 7.317457356954990644e+01 2.240555623113436590e-01
2.126894983168461195e+01 7.488508794179857375e+01 2.247355129080808867e-01
2.125446648938406824e+01 7.162596551078024731e+01 2.261450110480184295e-01
2.151108749208689375e+01 6.727580149947608845e+01 2.277858477964803396e-01
2.170418215431890729e+01 7.180727407428859976e+01 2.285210636965055997e-01
2.151859255600155407e+01 6.700301653419450076e+01 2.298792953815422258e-01
2.201640942824534619e+01 6.907164245599408048e+01 2.327858350584751379e-01
2.158976098108311348e+01 7.104940101860326251e+01 2.331684962062222088e-01
2.186798476197084540e+01 6.533596777074556883e+01 2.356859804350025789e-01
2.194077238942325181e+01 6.594320376872144607e+01 2.364627001642414239e-01
2.248753365929523440e+01 6.483767652015876592e+01 2.382915386495591814e-01
2.277174115196679693e+01 7.226943526815209395e+01 2.408199767831597782e-01
2.258103797871806151e+01 6.626832245514697206e+01 2.418353454897934074e-01
2.230857406154963130e+01 7.158677190502197618e+01 2.433482123470799841e-01
2.218029975419161204e+01 7.138188965647049145e+01 2.439377317080269614e-01
2.261192491858069431e+01 7.079326765803740784e+01 2.453357654109941111e-01
2.305997281348767913e+01 6.540730223264499443e+01 2.469078671741613829e-01
2.306462973510582160e+01 6.964283688109875925e+01 2.495823465387951301e-01
2.282555426671147458e+01 6.587783964957570504e+01 2.496165178788806449e-01
2.263653432462605863e+01 6.353263873952806051e+01 2.522410629094282153e-01
2.299032646281157000e+01 6.868785940125627576e+01 2.524001810836358217e-01
2.296424099508714178e+01 6.005440443984824128e+01 2.547977337092738326e-01
2.303422967077126415e+01 5.937654618123058015e+01 2.558498434161904922e-01
2.345180399743509270e+01 6.103019856338805482e+01 2.581155081223855396e-01
2.336034515006348755e+01 6.618933213195118981e+01 2.591488216785397536e-01
2.392248070948674865e+01 6.847437620506883604e+01 2.601409488540518122e-01
2.321095481704205810e+01 6.142441633647320742e+01 2.628707319782779828e-01
2.369306348164601062e+01 5.973517589373646075e+01 2.641313231839599318e-01
2.377777093277409293e+01 6.719458197610896377e+01 2.646226436929551840e-01
2.377017353033414437e+01 6.033458603886361971e+01 2.671834756821325207e-01
2.385356879003828467e+01 5.912328179053056232e+01 2.692007922820470744e-01
2.441052119854251501e+01 6.284168890708848210e+01 2.700093349640109719e-01
2.449669378399942943e+01 5.831509351502697314e+01 2.706700025222486539e-01
2.431095806494013800e+01 5.977820809262009050e+01 2.729898260877488547e-01
2.436975629415048772e+01 6.309788024775997428e+01 2.753615736949379111e-01
2.477005147466190849e+01 6.090649830474916371e+01 2.759142878017118994e-01
2.431362491021731742e+01 6.488227880921709811e+01 2.780374774863039189e-01
2.444282001298273954e+01 6.543826498103953782e+01 2.792032022914633371e-01
2.414000849546868821e+01 6.407802323947524314e+01 2.798172013923858059e-01
2.430069595143913475e+01 6.375140843568713933e+01 2.811016923792510891e-01
2.501061534828425792e+01 5.964081038105005916e+01 2.839027322795346087e-01
2.438232872464516632e+01 6.112773782866959493e+01 2.847761973255841239e-01
2.513151482860774166e+01 5.630122195486159598e+01 2.860185773888935246e-01
2.507011689118089848e+01 5.534922005881819018e+01 2.874422880450799855e-01
2.549912938492277803e+01 5.440428060722523185e+01 2.894115295865630211e-01
2.540150590466934943e+01 5.438390460760383860e+01 2.917672260216374602e-01
